png 256 256 625.png
color 0.5 0.75 1
sun 1 1 1

color 0.9 0.7 0.7
sphere 0.4567252638613626 -1.1688557516544233 -3.3473015774289996  0.02
color 0.9 0.8 0.4
sphere -0.283290715856805 -1.1665656634829293 -2.8000030371821563  0.02
color 0.6 0.9 0.8
sphere -1.1319273024124343 0.11521303913956737 -2.504991215778828  0.02
color 0.5 0.5 0.4
sphere -0.39035950780107687 -1.543433627204279 -2.3669236480794265  0.02
color 0.9 0.9 0.5
sphere -0.19587858539128256 -1.1657763915964345 -2.9207523752608644  0.02
color 0.5 0.4 0.9
sphere 0.2997953597114287 -1.4188283112380575 -2.588549207656839  0.02
color 0.5 0.4 0.9
sphere 0.06278807379901608 -1.1403803297414008 -3.6217278469669685  0.02
color 0.9 0.6 0.9
sphere -0.3227448548097325 0.5315100281044964 -2.5592308156635832  0.02
color 0.9 0.5 0.5
sphere -0.0663111938233758 -1.599954125316831 -2.5651964134106997  0.02
color 0.7 0.7 0.6
sphere 1.6875127501337608 -1.0878348209043733 -2.2051191511028017  0.02
color 0.6 0.5 0.7
sphere 1.4434783707740664 -0.8323035058717569 -1.9069228417126185  0.02
color 0.7 0.5 0.8
sphere -1.0293211641466504 -1.3548550667825476 -2.5116128053015814  0.02
color 0.7 0.5 0.7
sphere 0.7971114833869652 -1.0153946579568602 -1.4454660370303243  0.02
color 0.8 0.7 0.5
sphere 1.4618549159418817 -1.0698420229670935 -1.77448251431053  0.02
color 0.6 0.4 0.8
sphere -1.293323668852953 -1.162319272175044 -2.5453633313642063  0.02
color 0.5 0.5 0.6
sphere -0.14764087576644647 -0.9388123100772732 -3.2666399041131022  0.02
color 0.4 0.7 0.7
sphere 0.2824670818091968 -0.36423912966468874 -2.4967246833431185  0.02
color 0.7 0.4 0.6
sphere 1.4171573516240352 -0.9393054925146704 -2.5973329611621185  0.02
color 0.7 0.6 0.8
sphere 0.18133052600612443 -1.391630845197756 -2.558643027007691  0.02
color 0.8 0.7 0.4
sphere -0.7570342369963101 -1.4291831816250133 -2.706901606163224  0.02
color 0.8 0.8 0.8
sphere 0.5164814734732293 -0.34743433344457575 -2.4004456356590707  0.02
color 0.4 0.4 0.7
sphere -1.018844620758311 -1.480005179512454 -2.6319562893580315  0.02
color 0.4 0.9 0.9
sphere 1.3091261628197723 -0.9645670655287324 -2.02650353570358  0.02
color 0.7 0.9 0.9
sphere -0.13371951822301043 -1.2186454811594607 -3.158997791631256  0.02
color 0.6 0.9 0.4
sphere 0.7647954812192923 -1.0268881924842752 -1.3603698666507915  0.02
color 0.5 0.4 0.7
sphere -0.5127332926342905 -1.1204781028167479 -1.9276906616933647  0.02
color 0.8 0.7 0.5
sphere 0.628514151396244 -1.0940222303618343 -1.5986315948705618  0.02
color 0.9 0.6 0.6
sphere -1.5138706773543915 -0.38634501392915865 -2.3955294201104143  0.02
color 0.7 0.8 0.5
sphere 1.707841966980693 -0.9058091606623284 -2.308779015483548  0.02
color 0.5 0.6 0.5
sphere -0.4950743240433031 0.7125856182543262 -2.626328226830042  0.02
color 0.5 0.4 0.8
sphere 1.334865611971293 -1.2263317744132394 -2.8773581423546397  0.02
color 0.4 0.6 0.9
sphere 0.3350719378640532 -1.2142933157011497 -3.3641757155255947  0.02
color 0.4 0.7 0.5
sphere 0.32969375294861036 0.11496598133986424 -2.4119981644100115  0.02
color 0.9 0.6 0.9
sphere 0.3281557631047076 -0.45557713504265385 -2.3279415485681616  0.02
color 0.6 0.5 0.8
sphere 0.25999881391979196 -1.0255043064648541 -2.4474735434965194  0.02
color 0.8 0.8 0.8
sphere 0.1881499932083459 -0.7976575348215982 -1.5025214714385742  0.02
color 0.8 0.9 0.4
sphere -1.3085498721155293 0.14901953537617407 -2.6424982888104127  0.02
color 0.8 0.9 0.8
sphere -0.9490820333830552 -1.2484697674665766 -2.4909602416045997  0.02
color 0.6 0.8 0.8
sphere 1.1988431626321137 -1.066675840793919 -1.8488430731500243  0.02
color 0.8 0.7 0.7
sphere -0.18579868429218527 -0.8616414585706362 -2.996090604512113  0.02
color 0.9 0.5 0.4
sphere -0.47030605102503165 -0.840121208013271 -2.3605796645425676  0.02
color 0.4 0.8 0.8
sphere 1.4508043179057784 -0.7672806935911494 -1.971379159204015  0.02
color 0.9 0.4 0.5
sphere -0.9418652439645001 0.44958634996390456 -2.6664029897939816  0.02
color 0.7 0.7 0.9
sphere -0.5309343237766697 -1.019732032913383 -3.114752841405531  0.02
color 0.7 0.6 0.7
sphere -1.4362682860487173 -0.44977995743160415 -2.6904406459924872  0.02
color 0.7 0.6 0.4
sphere -0.5015290808425994 0.32691535908812686 -2.6198230906340845  0.02
color 0.5 0.9 0.4
sphere -0.08727629107321855 -1.11223148983954 -3.090836397807201  0.02
color 0.9 0.6 0.6
sphere -0.46770634450754445 -1.5027244688745571 -2.471575194909395  0.02
color 0.9 0.8 0.6
sphere -0.779275250693023 -1.214673665050042 -2.5613707144685396  0.02
color 0.9 0.8 0.7
sphere -0.518537815685796 -1.5029855124984546 -2.369336974302091  0.02
color 0.9 0.5 0.7
sphere 0.7928935479010484 -1.1207608533833326 -1.6616044585098102  0.02
color 0.5 0.8 0.4
sphere -1.53834228340241 -0.2561540226067631 -2.597031555847025  0.02
color 0.5 0.9 0.5
sphere 1.2625432620789647 -1.209199846822968 -3.1288730408900607  0.02
color 0.7 0.8 0.5
sphere 0.6765196118164694 -1.0850859209358763 -1.7497115481458931  0.02
color 0.9 0.5 0.6
sphere 1.2934018264888154 -0.9070687618300828 -1.8135809362011663  0.02
color 0.6 0.8 0.4
sphere 6.0723476047019886e-05 -1.5538150224415235 -2.443714054468282  0.02
color 0.9 0.7 0.4
sphere 1.5548276548181321 -1.1909347100369736 -2.789591352078445  0.02
color 0.4 0.5 0.8
sphere -1.6339586536375204 -0.2772540740525282 -2.5439027935223066  0.02
color 0.9 0.6 0.8
sphere -0.00794073239979376 0.33436123977784815 -2.7390809286493116  0.02
color 0.7 0.5 0.7
sphere -0.6611580083860882 -1.5098931016232457 -2.4826852602824214  0.02
color 0.4 0.5 0.7
sphere 0.009345705667302528 0.44042728152469035 -2.2659934348705804  0.02
color 0.4 0.8 0.6
sphere -0.3342384245302985 0.41578534945161394 -2.45915066979413  0.02
color 0.7 0.4 0.5
sphere 0.39853178509527254 -0.9456340235317033 -2.4022275459670794  0.02
color 0.5 0.7 0.9
sphere 1.4640562016265988 -1.1230432006093407 -3.0043472750187576  0.02
color 0.7 0.7 0.4
sphere 0.2728359282914399 -0.9035816371654088 -3.6058615223426607  0.02
color 0.8 0.9 0.8
sphere 1.4232995782509965 -1.1319620567183644 -2.3129671803893532  0.02
color 0.8 0.8 0.8
sphere 0.4437583298837775 -0.9025755814836125 -2.3415049620143815  0.02
color 0.6 0.4 0.8
sphere 0.8897657564893655 -0.8924360264365845 -3.4015827255552273  0.02
color 0.5 0.9 0.9
sphere -1.440392621524174 -0.4343254317412719 -2.5917971463323983  0.02
color 0.7 0.7 0.6
sphere 0.2383463684743945 -0.7270508584302351 -2.5719694228656067  0.02
color 0.7 0.7 0.4
sphere -0.4746098736212372 -0.9830464679772031 -2.418334981140042  0.02
color 0.7 0.8 0.9
sphere 0.19953030109031555 -0.7851152632810283 -3.432951634858709  0.02
color 0.7 0.5 0.7
sphere -1.4566893285632223 0.04993920229715121 -2.4626072569082047  0.02
color 0.7 0.7 0.6
sphere 1.5285990514869914 -0.8464027935960066 -2.501655892173324  0.02
color 0.8 0.4 0.6
sphere -1.567038862528817 -0.3850202714075044 -2.627059511734651  0.02
color 0.6 0.6 0.4
sphere -1.561622036752257 -0.11811555204590007 -2.6393185691597494  0.02
color 0.7 0.4 0.4
sphere 0.4064087563140588 -0.9142576322017666 -2.2690812528438715  0.02
color 0.9 0.8 0.6
sphere 0.4354177694944519 -0.8974703962248762 -2.5406067017014076  0.02
color 0.5 0.6 0.8
sphere 0.6183469952915539 -1.0211901878707823 -3.5719789920925864  0.02
color 0.7 0.5 0.8
sphere -1.325770174026586 -1.2280932218891447 -2.627504228590232  0.02
color 0.9 0.5 0.6
sphere 0.5923726593808181 -0.9077392166277582 -2.6426553575693745  0.02
color 0.9 0.5 0.8
sphere 0.32044935556631726 -1.1311757135253195 -2.738902565527172  0.02
color 0.4 0.9 0.7
sphere -0.9593525421300715 -1.5639365869573054 -2.5411348600513795  0.02
color 0.8 0.5 0.4
sphere 1.4535744298122926 -1.080742237861383 -3.173594801520199  0.02
color 0.5 0.6 0.6
sphere -0.25228397117861734 0.530736482255469 -2.2580541278230486  0.02
color 0.7 0.5 0.5
sphere -1.0511557517017276 -1.0890586694652575 -2.3856893039553997  0.02
color 0.8 0.7 0.7
sphere 1.3587679832564326 -0.996200626208493 -3.3204911254269693  0.02
color 0.9 0.9 0.6
sphere 0.04649659912506898 0.20499297675476624 -2.4113703661987707  0.02
color 0.9 0.7 0.7
sphere 1.0286000163700066 -1.1616619077073294 -1.4795645873197993  0.02
color 0.9 0.5 0.8
sphere 0.23651329475352556 -0.8677387120417008 -2.500538482100163  0.02
color 0.7 0.6 0.7
sphere -1.539007042001649 -0.41772567558183926 -2.491806841989715  0.02
color 0.9 0.4 0.6
sphere -1.2698064927544834 0.2760702251916305 -2.558069278326461  0.02
color 0.5 0.6 0.5
sphere -0.24687205856365635 0.45933707269084856 -2.571161946859095  0.02
color 0.5 0.9 0.8
sphere -0.6966514583625845 0.7068113658610757 -2.51247385058036  0.02
color 0.7 0.8 0.9
sphere 1.5594822994400412 -0.88569917844845 -2.1450885558893455  0.02
color 0.5 0.9 0.7
sphere -0.9401089471723578 0.5329147053027907 -2.5801796608578  0.02
color 0.7 0.4 0.7
sphere 1.6681410059528732 -1.1168772486386196 -2.642382768772305  0.02
color 0.5 0.7 0.4
sphere 1.2799360034888 -0.8725977706763262 -2.8563666470568085  0.02
color 0.6 0.7 0.5
sphere 0.47171033444440136 -0.4713318169625005 -2.6935550031586546  0.02
color 0.6 0.4 0.5
sphere -0.39311071720699475 -1.3061261105473712 -2.6167415070409787  0.02
color 0.9 0.8 0.4
sphere -0.12484343128208009 -1.167762030784155 -2.5577807187232886  0.02
color 0.5 0.5 0.8
sphere -1.1262492586587864 -1.4371616955614366 -2.5014587213758803  0.02
color 0.9 0.5 0.8
sphere 0.13351921549109758 -1.1806350053520376 -1.618379711836659  0.02
color 0.4 0.7 0.4
sphere -0.33253929488478784 -1.4271209616809224 -2.583638538650166  0.02
color 0.8 0.5 0.7
sphere 0.4570554597164751 -1.1159677107392971 -1.3082469197286857  0.02
color 0.8 0.4 0.8
sphere -0.2819915697619928 0.5446102272386995 -2.26521813314334  0.02
color 0.7 0.6 0.7
sphere 0.40985319020926436 -0.7056803997715839 -2.272078399272512  0.02
color 0.8 0.7 0.8
sphere 0.441728173080115 0.1816898534750968 -2.346658459449402  0.02
color 0.9 0.8 0.6
sphere -1.1992995516441374 -0.0061255748297774915 -2.359876028977039  0.02
color 0.5 0.8 0.5
sphere 0.41360802180295586 -0.998302690090278 -3.671488402502109  0.02
color 0.6 0.4 0.7
sphere 0.46143024469894467 0.04974773729825843 -2.656396216381189  0.02
color 0.9 0.9 0.7
sphere 0.7113173796159509 -1.1574018539644988 -1.434299159220918  0.02
color 0.7 0.7 0.4
sphere 1.3067260843811237 -1.0004609617100604 -2.9868586912930106  0.02
color 0.6 0.5 0.8
sphere -1.389397835695684 -1.0238962312593856 -2.2750896622219456  0.02
color 0.5 0.7 0.7
sphere -0.9818993063079935 0.491745935876728 -2.5836871315310077  0.02
color 0.9 0.6 0.6
sphere -1.5221814946060515 -0.4810272264899904 -2.3662681095345537  0.02
color 0.4 0.6 0.6
sphere -0.6056509825534304 0.47552659112080686 -2.3589805913375415  0.02
color 0.5 0.5 0.8
sphere -1.6964256331119465 -0.6104191627126805 -2.378729575834279  0.02
color 0.5 0.8 0.4
sphere -1.702733596875118 -0.6121649650437315 -2.5183393448464555  0.02
color 0.5 0.8 0.4
sphere -1.2609168316532617 -0.426844504555961 -2.5131355965866797  0.02
color 0.9 0.5 0.6
sphere -0.8757544866630309 -1.3466281815159045 -2.2910243497281133  0.02
color 0.4 0.8 0.4
sphere 0.47687287730738515 -0.2969846043983151 -2.731551262889905  0.02
color 0.7 0.4 0.8
sphere -0.6443583003474314 -1.4709640240451818 -2.28677250152878  0.02
color 0.5 0.8 0.4
sphere -0.5597979622123765 -1.543698038809033 -2.430468338742932  0.02
color 0.5 0.4 0.5
sphere -0.6665652592049907 -0.9589430292656251 -2.6978147683101676  0.02
color 0.6 0.8 0.7
sphere -0.8853218746752862 -1.354665713097543 -2.280348651685533  0.02
color 0.5 0.6 0.8
sphere 1.3000960854765786 -1.056416053742086 -2.35526230753064  0.02
color 0.5 0.4 0.6
sphere 0.4092978129593039 -1.0829254273490965 -2.5285602484621865  0.02
color 0.6 0.7 0.7
sphere 0.4132861437648354 -0.4961041304981144 -2.3602047725930704  0.02
color 0.9 0.6 0.8
sphere 0.09374607993064021 -1.571775758009188 -2.567453960204059  0.02
color 0.4 0.4 0.4
sphere -0.4423027027606521 -1.3786135856881643 -2.3025264864852697  0.02
color 0.7 0.5 0.6
sphere -1.4139084247700646 0.07183212245588555 -2.6807875420372778  0.02
color 0.9 0.8 0.6
sphere -0.5248106034100828 -0.8101364788874013 -2.606600517719545  0.02
color 0.8 0.8 0.4
sphere 0.41672450591889065 -0.8485331074800837 -3.3584980759183782  0.02
color 0.8 0.7 0.9
sphere 0.5506006100279599 -1.106978580683914 -3.3162148329596635  0.02
color 0.5 0.9 0.8
sphere -0.7430630549597259 0.37240015824425265 -2.666447199705035  0.02
color 0.9 0.5 0.9
sphere 0.6512155672394355 -0.7283364008616111 -2.596126143992386  0.02
color 0.6 0.9 0.7
sphere -1.286075509546118 -0.966828371488845 -2.5071073472252485  0.02
color 0.6 0.4 0.6
sphere -0.5924033696051105 -1.1657351164570704 -2.1753018692867387  0.02
color 0.8 0.5 0.4
sphere -0.2796002150860821 -1.064389672962362 -1.7938623418324786  0.02
color 0.6 0.6 0.9
sphere 1.1606965269171923 -1.137274855469662 -3.416372774761064  0.02
color 0.8 0.6 0.5
sphere -1.2155666982060658 -1.2783661693973083 -2.363816145883933  0.02
color 0.8 0.5 0.7
sphere -0.38881959398028876 -1.1455252000743608 -2.668053287727361  0.02
color 0.7 0.9 0.4
sphere -0.05951821356847198 -0.9610936230005267 -1.5693038569886033  0.02
color 0.4 0.9 0.7
sphere -0.061786053051059664 -1.3377567544613953 -2.4704021266853706  0.02
color 0.7 0.4 0.9
sphere 0.4919930962315169 -1.0277534946509173 -2.318634542283315  0.02
color 0.7 0.7 0.8
sphere -1.4659668251916091 -0.1241349328442336 -2.4656779962899273  0.02
color 0.8 0.5 0.6
sphere 0.12666293444161258 -0.958561219129169 -3.2689143019286555  0.02
color 0.7 0.7 0.5
sphere 0.953955353363872 -1.1726230240333715 -1.6995082542269562  0.02
color 0.5 0.6 0.4
sphere 0.3332565724568357 -1.1620709109020941 -2.4110376597864343  0.02
color 0.9 0.9 0.9
sphere 0.6217843732060415 -0.959386158108527 -1.5408546184437322  0.02
color 0.5 0.6 0.8
sphere 0.35135283235537385 0.2748042624501612 -2.6403239033720363  0.02
color 0.7 0.5 0.5
sphere -1.2592757631483962 0.17963986741320026 -2.543256084605943  0.02
color 0.7 0.5 0.6
sphere 1.5067088294107327 -0.8837376702988431 -2.6999484026338743  0.02
color 0.8 0.8 0.7
sphere -0.20694779896155424 0.5004490429050112 -2.4813175768649214  0.02
color 0.9 0.4 0.5
sphere 1.1044321509673547 -1.2253130521297306 -1.5913218762760017  0.02
color 0.9 0.5 0.7
sphere -0.3152273882087373 -1.0919808419155963 -2.0775119245377187  0.02
color 0.6 0.8 0.7
sphere 1.3521748851803577 -0.8641068745699734 -2.8740549115335208  0.02
color 0.6 0.5 0.5
sphere -0.05783323212493441 -0.8689993755791616 -3.3262685094097266  0.02
color 0.9 0.7 0.6
sphere -1.3091613893974752 -0.8611649604675606 -2.6028698560856838  0.02
color 0.6 0.9 0.6
sphere 0.9956189410090706 -1.1776616486208251 -1.6533885552360483  0.02
color 0.8 0.8 0.6
sphere 1.2278567003658245 -1.056717331788009 -2.1702787191465003  0.02
color 0.7 0.4 0.7
sphere 0.1309260858438126 0.013684270231446582 -2.563944764056634  0.02
color 0.8 0.5 0.9
sphere 0.5443015107091709 -0.8961459332074746 -2.657902231701414  0.02
color 0.9 0.4 0.8
sphere 0.6570615415708358 -0.8035239906999223 -2.368335321654349  0.02
color 0.5 0.6 0.5
sphere 0.7012338385469117 -1.0198548241430445 -3.6207704890307784  0.02
color 0.7 0.6 0.6
sphere 1.4529597219563595 -1.198397722656992 -2.076462660937513  0.02
color 0.7 0.6 0.7
sphere -0.2441405596220272 -0.9397929989091716 -1.8258383539832526  0.02
color 0.7 0.4 0.7
sphere 1.285713674710402 -0.8443544077911134 -2.8648368177495143  0.02
color 0.9 0.5 0.7
sphere 0.03577611198207897 -0.8753205900994159 -1.8312250317620555  0.02
color 0.4 0.9 0.5
sphere 1.1091719685624963 -1.0696476165134654 -3.230094546573727  0.02
color 0.5 0.4 0.9
sphere -1.439178318090784 -1.2456095472200688 -2.4801722719305177  0.02
color 0.5 0.8 0.6
sphere -1.5811935792115688 -0.5885706674741353 -2.673314306075128  0.02
color 0.5 0.7 0.7
sphere -1.1180431740160546 -1.425029142385498 -2.5991980856211945  0.02
color 0.8 0.9 0.4
sphere -0.24230778874554115 -0.8567628305325554 -1.959589536838502  0.02
color 0.7 0.9 0.5
sphere 1.310846682178842 -1.0181289844187864 -3.0893929538452483  0.02
color 0.6 0.8 0.6
sphere -1.3095833620111073 -0.3204999470776162 -2.579192276132121  0.02
color 0.6 0.4 0.7
sphere -0.3198996859270431 -1.1700898140587261 -3.234139254688463  0.02
color 0.5 0.5 0.5
sphere 0.33795487744710506 -0.8910287085104032 -3.3335112395002358  0.02
color 0.4 0.6 0.7
sphere 0.1395875864383216 -1.3728932788225547 -2.660388896822234  0.02
color 0.9 0.5 0.8
sphere -1.039791122127216 0.22736535684402837 -2.454416553755454  0.02
color 0.9 0.7 0.9
sphere 0.19156289440543395 -1.3036497760815435 -2.332239303013988  0.02
color 0.8 0.5 0.4
sphere 1.365488888200713 -0.9397289088338692 -2.6076512821933315  0.02
color 0.4 0.5 0.6
sphere -1.5040848944633667 -0.664802555291319 -2.4442376733143028  0.02
color 0.9 0.6 0.4
sphere -0.7673680797311446 0.6447342505771827 -2.387631117538592  0.02
color 0.7 0.6 0.6
sphere 0.2358217342622253 -0.9960586840473611 -1.6888039829159753  0.02
color 0.5 0.4 0.9
sphere -1.2725396478151274 -1.2254631982990882 -2.3303532852084965  0.02
color 0.9 0.9 0.5
sphere 1.4508295709717065 -1.1592494020195199 -1.989395627633248  0.02
color 0.7 0.8 0.9
sphere 1.1154999296659933 -0.9841564305729325 -1.5178485841817175  0.02
color 0.4 0.5 0.8
sphere -0.5843755402440447 -1.3263136980737578 -2.574501088867944  0.02
color 0.6 0.9 0.7
sphere 1.5569822185278843 -0.8549878736791046 -2.525247438517908  0.02
color 0.7 0.5 0.9
sphere 1.5419036964938364 -0.8209298159097775 -2.0209268440469157  0.02
color 0.6 0.7 0.8
sphere 0.5434879464778928 -0.7778395828782907 -2.46077849104458  0.02
color 0.4 0.9 0.7
sphere 0.05543412370272849 -0.8905404957277248 -1.4822434583186421  0.02
color 0.6 0.9 0.8
sphere -0.9949328338454912 0.36665697906519856 -2.657260109149733  0.02
color 0.7 0.4 0.7
sphere 0.09263480279508052 -1.2571485931939423 -2.411913972311752  0.02
color 0.5 0.7 0.5
sphere -0.356102922123517 -0.9388832781179506 -1.985986725069247  0.02
color 0.4 0.5 0.7
sphere 0.3817786008818276 -0.8984064427425378 -3.4600839903731133  0.02
color 0.9 0.4 0.5
sphere -1.1298394535229193 -1.2109538066259464 -2.483317142277861  0.02
color 0.7 0.8 0.4
sphere -0.7325650321853034 0.38219654359036204 -2.696897507928902  0.02
color 0.8 0.6 0.5
sphere 0.23013491917479767 -0.13333961203571354 -2.421855074090166  0.02
color 0.9 0.9 0.6
sphere 0.6270787248406329 -1.0872941501461026 -3.4615193080670514  0.02
color 0.6 0.8 0.8
sphere -1.1560197774192287 0.3281834085837114 -2.492993395885958  0.02
color 0.5 0.4 0.8
sphere -0.8573959807277638 0.4890531490461303 -2.4390001214149217  0.02
color 0.5 0.7 0.8
sphere 0.39281644345451516 -0.33883766500730905 -2.4657323526869024  0.02
color 0.8 0.6 0.4
sphere 1.0449905938221318 -0.9621364724824613 -1.9718146232512108  0.02
color 0.8 0.5 0.9
sphere 0.4398875958488975 -0.9590136423023963 -2.531005439868653  0.02
color 0.4 0.9 0.9
sphere 0.9258179984821604 -0.9948176265768667 -3.4365922587965403  0.02
color 0.6 0.7 0.4
sphere -0.910667485450757 -1.5803195791487878 -2.446853384961817  0.02
color 0.5 0.5 0.5
sphere -1.3550684774151782 -1.1933095701210825 -2.6162367430162465  0.02
color 0.5 0.5 0.9
sphere 1.2986947166776703 -1.0202640180981897 -3.4579985978493157  0.02
color 0.7 0.4 0.5
sphere -0.42955878431736094 -0.947702206319943 -1.9935185884111508  0.02
color 0.5 0.6 0.7
sphere -0.9425047968574858 0.5679386018937564 -2.6580732315519553  0.02
color 0.5 0.8 0.4
sphere 0.2182973180538741 -1.0445552649103442 -3.469789737979325  0.02
color 0.7 0.6 0.9
sphere 0.41042085547906115 -0.1379059009158512 -2.412194680831915  0.02
color 0.4 0.5 0.9
sphere -0.8354052253973103 -1.4798644186903176 -2.2647314937460172  0.02
color 0.9 0.8 0.4
sphere 1.4977004938840182 -0.8156895715226802 -2.7247354722510675  0.02
color 0.4 0.8 0.8
sphere -0.3278516875088586 0.27074339793885693 -2.442193059805682  0.02
color 0.6 0.4 0.4
sphere 0.21728914435278135 -0.9236024682097761 -2.528323525317554  0.02
color 0.9 0.8 0.4
sphere -0.6275215484091494 -1.6814064375125493 -2.4798779655487895  0.02
color 0.9 0.8 0.4
sphere 0.3297850697327398 -0.27287743150262767 -2.4233969369948527  0.02
color 0.6 0.7 0.8
sphere -1.2836312826796274 -1.3240694341550832 -2.379678051825374  0.02
color 0.9 0.9 0.8
sphere 0.275680072664259 -0.9295796570995591 -1.2930771413222617  0.02
color 0.7 0.8 0.5
sphere -0.3696731972229639 -1.0054501150580837 -2.5467117730955153  0.02
color 0.9 0.6 0.5
sphere -0.8640175247063322 -1.2645401118536381 -2.4727308128252465  0.02
color 0.5 0.7 0.6
sphere 0.6837565378678718 -0.7827097121811315 -2.5917320519646907  0.02
color 0.4 0.9 0.4
sphere 0.5188013129886588 -1.0338805991496747 -3.4179748064805966  0.02
color 0.7 0.9 0.5
sphere -1.238967829717573 -0.15352512437710653 -2.6237521890191937  0.02
color 0.5 0.9 0.9
sphere -0.22219548101725461 -1.0396059888804539 -3.4222773472223467  0.02
color 0.9 0.9 0.6
sphere -0.2253226089459326 -1.4366815378222162 -2.3253869335557207  0.02
color 0.8 0.5 0.9
sphere 1.505998667438583 -1.154080471111603 -2.0595229764369365  0.02
color 0.7 0.5 0.5
sphere -0.2722266813653307 0.4953131008065128 -2.3508248110462997  0.02
color 0.9 0.7 0.4
sphere -0.10140889631739247 0.3023671391579619 -2.447186316965238  0.02
color 0.9 0.7 0.5
sphere -1.554453368312962 -0.48703910246822524 -2.4715470982568184  0.02
color 0.5 0.5 0.8
sphere 1.277107162848261 -1.1633798118558074 -2.924072448705448  0.02
color 0.6 0.6 0.4
sphere 1.498458416757205 -1.081822575983216 -2.1352026917600284  0.02
color 0.8 0.7 0.8
sphere -0.3884058022092325 -1.0587835774314578 -2.634834731867104  0.02
color 0.9 0.7 0.9
sphere -0.7181243847131409 0.5701321573697 -2.3392622909435006  0.02
color 0.6 0.7 0.7
sphere 0.31175721757589336 -0.953992691167318 -2.5487627728292788  0.02
color 0.6 0.8 0.9
sphere 0.325000446094843 -0.28720167248907824 -2.677455298848768  0.02
color 0.9 0.7 0.8
sphere 1.5525830968970333 -1.1013530177853905 -2.125847789459035  0.02
color 0.8 0.4 0.8
sphere -0.6035959084396887 -1.167817512596792 -2.3928201459616165  0.02
color 0.9 0.5 0.7
sphere -0.6341335144376572 -1.0941242042834047 -2.560095408388279  0.02
color 0.7 0.9 0.4
sphere -1.4089461679065125 0.20008027713424292 -2.397278931525916  0.02
color 0.5 0.7 0.6
sphere -1.517010190054672 -1.0962620655861826 -2.377309585409384  0.02
color 0.6 0.6 0.4
sphere -1.118215601815319 0.5729443714627345 -2.495642692066073  0.02
color 0.8 0.5 0.5
sphere -1.0813870713352056 0.11022240529472871 -2.462215169406756  0.02
color 0.7 0.7 0.8
sphere -0.946147855831263 0.3754847401058363 -2.7235879922662316  0.02
color 0.9 0.8 0.6
sphere -0.7183376992430248 0.48742315282571314 -2.4067942103576367  0.02
color 0.6 0.8 0.9
sphere -1.637235405056955 -0.15683222271585695 -2.4999830308825173  0.02
color 0.8 0.6 0.5
sphere -1.0846608634717083 0.3697427965905842 -2.5068313818840675  0.02
color 0.5 0.6 0.9
sphere 0.9342424984897062 -0.9462140527430165 -1.6434683805101997  0.02
color 0.6 0.9 0.9
sphere -1.2153584857769846 -1.3014719527734107 -2.5690696551762127  0.02
color 0.4 0.6 0.5
sphere -0.3946326535170255 -1.109281340241862 -1.8368503518358752  0.02
color 0.5 0.7 0.4
sphere 0.7273098067174684 -0.9743436541786181 -1.423828287392701  0.02
color 0.7 0.8 0.4
sphere 1.6085023091453987 -0.9418589296817466 -2.809301564443582  0.02
color 0.9 0.4 0.4
sphere -1.4552141071272402 -0.6601940550416057 -2.552651988860151  0.02
color 0.9 0.9 0.6
sphere -1.1410578504276927 0.4799072381101497 -2.5027605233693464  0.02
color 0.5 0.9 0.9
sphere -1.3671144727467048 -0.11242675016149306 -2.6581733691855716  0.02
color 0.4 0.9 0.5
sphere -1.5226293824357073 -0.6950586067948024 -2.694494378670349  0.02
color 0.5 0.5 0.6
sphere 0.7649160139215447 -0.956362628302236 -1.7073099024328857  0.02
color 0.9 0.4 0.6
sphere 0.728231081524342 -0.8073922346906284 -3.470489058830095  0.02
color 0.8 0.4 0.7
sphere -0.28327046634731845 -1.0027626276460042 -1.605275008771236  0.02
color 0.9 0.8 0.8
sphere 1.3679512131678218 -0.7831698294431573 -3.1297030866205526  0.02
color 0.5 0.5 0.9
sphere 0.0017571572942274294 -1.2119781261056621 -1.7625838845170487  0.02
color 0.5 0.6 0.4
sphere 0.6066419467768811 -0.4822637640251237 -2.4132423212832577  0.02
color 0.8 0.6 0.7
sphere -0.29315230759360045 0.30911798522205514 -2.6192568482379697  0.02
color 0.6 0.4 0.6
sphere 0.4226718198446986 -1.1682407907949708 -2.4556888706759854  0.02
color 0.7 0.6 0.8
sphere 1.3427110940485152 -1.2045325855786033 -2.993963373160745  0.02
color 0.5 0.4 0.6
sphere 1.5584292590539235 -1.1324599188605635 -2.9667746855688284  0.02
color 0.5 0.8 0.6
sphere -1.4975570846056283 -0.3918851734831743 -2.5626091642415014  0.02
color 0.6 0.6 0.9
sphere 0.6955705592793366 -0.9477622991242054 -3.7138644294543837  0.02
color 0.8 0.6 0.7
sphere -0.45946999744890205 -1.0452284914966032 -2.9028773325044446  0.02
color 0.7 0.5 0.6
sphere 0.43582488434489974 -1.0478593891624426 -3.449321847346588  0.02
color 0.6 0.5 0.9
sphere -0.1956058013230333 0.22207724989887678 -2.5604583427229652  0.02
color 0.4 0.4 0.4
sphere 0.266279598935784 -0.8076410281671844 -2.6096415373066733  0.02
color 0.4 0.9 0.8
sphere 1.3197953531672764 -1.0839138364334873 -2.9598478900261  0.02
color 0.7 0.8 0.5
sphere 1.2490568628496828 -1.117999043814375 -1.8915697317561797  0.02
color 0.6 0.9 0.7
sphere -1.032043849668502 0.41729668400174447 -2.2982808297008623  0.02
color 0.6 0.9 0.9
sphere 0.3396907266643203 -1.0742096114693012 -2.491106281746297  0.02
color 0.5 0.8 0.6
sphere -1.0368557097369946 0.07276935537328733 -2.5495440206083932  0.02
color 0.8 0.4 0.9
sphere -1.1305628809526036 0.11104292358314494 -2.3524268924132032  0.02
color 0.9 0.4 0.5
sphere 1.6028778378058561 -0.9548814712223761 -2.839576055266755  0.02
color 0.7 0.7 0.6
sphere -0.7191659982356065 -1.3968363247911189 -2.5332829342143737  0.02
color 0.9 0.7 0.7
sphere 0.13771586915306422 0.26075348597468784 -2.4447314654981094  0.02
color 0.6 0.4 0.9
sphere -1.383762031510137 -0.3628854272506512 -2.3287210024258247  0.02
color 0.8 0.6 0.7
sphere -0.3618777425214801 -0.948089860129874 -3.115986390108924  0.02
color 0.8 0.8 0.7
sphere 0.31582642681215933 -0.9214343768737843 -2.7289186421450284  0.02
color 0.7 0.8 0.6
sphere 0.5776713981308292 -0.8870955074077638 -3.3477802733768165  0.02
color 0.8 0.9 0.6
sphere 1.5002536979961785 -1.0120702887864725 -2.760028061071644  0.02
color 0.9 0.8 0.7
sphere -1.0619432588392592 -1.3078189946489602 -2.297274926294657  0.02
color 0.8 0.4 0.6
sphere 1.4091435757772492 -1.0116780934164127 -1.9355399842007182  0.02
color 0.7 0.9 0.6
sphere 0.2061069866008194 -1.1025126276775827 -3.350905506756811  0.02
color 0.7 0.5 0.4
sphere -1.3593587071902293 -0.9597213183213928 -2.3771653673505613  0.02
color 0.8 0.7 0.8
sphere -0.3018493133466662 0.4133581050925721 -2.6771476862285044  0.02
color 0.8 0.6 0.5
sphere -1.0139544838373569 -1.3952083718901704 -2.447825926137766  0.02
color 0.9 0.7 0.7
sphere -1.4010707701142175 -0.36842162650168975 -2.6286441413957755  0.02
color 0.6 0.4 0.7
sphere -0.26814998705627247 -1.1361740859838565 -1.775352858193985  0.02
color 0.7 0.4 0.4
sphere 1.56098669565436 -0.8212728938032381 -2.9336175517613663  0.02
color 0.9 0.8 0.9
sphere -0.4359447927215765 -0.9405262083978232 -2.3156843418729163  0.02
color 0.6 0.4 0.8
sphere 0.2896157824161829 -1.1424439436766294 -2.6056857480039657  0.02
color 0.8 0.6 0.9
sphere -1.4034714924932397 -0.6300332659645131 -2.342282461505393  0.02
color 0.4 0.5 0.6
sphere -0.49346850767889183 0.32619767748479056 -2.6480813272112025  0.02
color 0.9 0.4 0.9
sphere -0.5001304129858797 -1.361444641016738 -2.336597513459393  0.02
color 0.8 0.4 0.4
sphere -0.40016413185418376 -1.1576445768685555 -3.2492793784786036  0.02
color 0.6 0.7 0.5
sphere 1.3203540827206273 -1.106186882338438 -2.933468849783642  0.02
color 0.6 0.5 0.6
sphere -0.03174579168876113 -1.2692926396612343 -2.376608509606533  0.02
color 0.5 0.6 0.6
sphere 0.5176280640768258 -0.46117112129469895 -2.328519257396282  0.02
color 0.5 0.4 0.5
sphere -0.6133456367049495 -1.5849259287480946 -2.6380469016697194  0.02
color 0.5 0.5 0.8
sphere 0.21439569356063437 -0.10048597057597775 -2.5860094095624224  0.02
color 0.5 0.9 0.5
sphere 0.4965416314986024 -0.9523405084657721 -2.2855137758976123  0.02
color 0.4 0.9 0.9
sphere -0.39808684530677674 -1.19751037564633 -2.8562674675181805  0.02
color 0.6 0.9 0.5
sphere -1.4105135727516571 -0.7703995009739204 -2.455943923548049  0.02
color 0.5 0.6 0.9
sphere 0.3229874275201059 0.0031167894260240026 -2.306306835514903  0.02
color 0.4 0.9 0.5
sphere 0.07230616565860393 -0.9953208647687632 -1.7039160939612383  0.02
color 0.4 0.6 0.9
sphere -0.11684406599625863 -1.0949272630776892 -3.0352737296438854  0.02
color 0.7 0.4 0.6
sphere 0.12642879604216217 0.39368290241034565 -2.441776545701302  0.02
color 0.4 0.6 0.9
sphere 0.272165903539213 -1.004761703594116 -3.6313249566288763  0.02
color 0.4 0.7 0.6
sphere 1.4739198928344615 -0.8305379153847658 -3.1711322675425944  0.02
color 0.6 0.4 0.9
sphere -0.47514357774202143 -1.4448004020576426 -2.2728855341956686  0.02
color 0.4 0.5 0.8
sphere 1.052967813626866 -1.0332537237722343 -3.301856820074799  0.02
color 0.8 0.7 0.5
sphere -0.2287708204942458 -1.2149450784049738 -2.510769525984553  0.02
color 0.8 0.7 0.6
sphere 0.3355058268102642 -0.31892689665729446 -2.6120081219969684  0.02
color 0.5 0.5 0.4
sphere 0.33019379472314636 -0.8424752771439392 -3.532261132407915  0.02
color 0.7 0.7 0.8
sphere 0.768723155970664 -1.077791935702074 -1.3500493501989812  0.02
color 0.6 0.8 0.6
sphere -0.4140710191122645 0.5699120574128811 -2.299999863596434  0.02
color 0.5 0.7 0.8
sphere 0.5835733551656115 0.04817808608721874 -2.435311925811417  0.02
color 0.4 0.8 0.8
sphere -1.3869282971323864 -0.6861742018302963 -2.6695046751779623  0.02
color 0.5 0.8 0.8
sphere -0.8481034266052645 -1.6269014202552805 -2.6200709415661017  0.02
color 0.7 0.5 0.5
sphere -1.1316297849568024 -1.4323342825773158 -2.483149188270098  0.02
color 0.8 0.8 0.6
sphere 1.0359877418297279 -1.1935776850560944 -3.3849366072438194  0.02
color 0.4 0.9 0.8
sphere -0.030715618216233587 -1.1367617182560084 -2.4466658496400555  0.02
color 0.6 0.8 0.6
sphere 1.3407178279639638 -1.1167902604669142 -2.069904902999777  0.02
color 0.6 0.8 0.4
sphere 0.47777354730719823 -0.9906520842477362 -1.3555295201866864  0.02
color 0.6 0.9 0.4
sphere 1.2042413968232446 -0.8141595094092464 -3.3496353173686693  0.02
color 0.7 0.4 0.4
sphere -0.48064143649653657 -1.0664604192762912 -2.9719323627699956  0.02
color 0.7 0.4 0.7
sphere 0.4401140192600419 -1.1854606208628442 -2.3700258474218394  0.02
color 0.8 0.8 0.4
sphere 0.39941382020238514 -0.5663485012533971 -2.709875450985076  0.02
color 0.5 0.8 0.8
sphere -1.1550225337040585 -1.0808663176945577 -2.344741524616114  0.02
color 0.5 0.8 0.5
sphere -0.1326741594945653 0.5468758867863603 -2.3286842975443287  0.02
color 0.6 0.9 0.9
sphere 0.5592162818763384 -0.8876350954142174 -2.680137443540145  0.02
color 0.8 0.9 0.7
sphere 0.5232704174978009 -0.41227608351027634 -2.6112351303948103  0.02
color 0.4 0.9 0.8
sphere 1.2862369133940779 -0.9589209240180199 -3.333692917805741  0.02
color 0.5 0.6 0.7
sphere -0.2785419536014033 0.444857074112468 -2.724480037288473  0.02
color 0.7 0.7 0.9
sphere -1.571082390748543 -0.23939796331370022 -2.711821992791026  0.02
color 0.8 0.5 0.9
sphere -1.2204911977522142 -0.04071319316650257 -2.487841212065382  0.02
color 0.5 0.7 0.5
sphere 1.5067927880112117 -0.9761381926015695 -2.7517107422443186  0.02
color 0.8 0.8 0.9
sphere 0.2725318687636107 -0.9435198947201529 -2.4909018911287295  0.02
color 0.5 0.6 0.7
sphere 0.47007376784412225 -1.101994364466362 -1.4041051674386615  0.02
color 0.7 0.9 0.4
sphere 0.14790879382231736 -0.8544412906095165 -1.4393788020385472  0.02
color 0.9 0.5 0.6
sphere -0.06769747660813108 -1.0254954812405548 -1.9694923154188992  0.02
color 0.8 0.6 0.6
sphere -0.6069222090246451 -1.1112379687612957 -1.989572078630104  0.02
color 0.4 0.9 0.9
sphere 0.3740605276818223 0.12830166895440032 -2.398376693753364  0.02
color 0.4 0.8 0.7
sphere 0.8310443763456448 -0.9025444421863109 -3.446573521617451  0.02
color 0.5 0.8 0.6
sphere -1.2512926925303853 0.3872012804430427 -2.5140260711538436  0.02
color 0.4 0.8 0.4
sphere -0.3482304724005685 -0.879803925111152 -2.416607804168401  0.02
color 0.8 0.4 0.5
sphere 1.2724524701003008 -1.0379087351154062 -2.3164500091179  0.02
color 0.8 0.8 0.4
sphere 1.1623997097899892 -0.9174064194671891 -2.9234725992806565  0.02
color 0.9 0.5 0.8
sphere -1.4434046682573975 0.30073896900100916 -2.429266335263867  0.02
color 0.8 0.9 0.8
sphere -0.6322108438171128 -1.1158876390270098 -2.1571661597091243  0.02
color 0.7 0.6 0.6
sphere -0.3766894743516045 -0.8620837503788796 -2.462988057177874  0.02
color 0.7 0.5 0.7
sphere 0.327489334129476 -1.0355395972003767 -3.4642637748710174  0.02
color 0.8 0.7 0.4
sphere -0.6551314181567931 -0.8888921432922845 -2.489317493340697  0.02
color 0.5 0.4 0.9
sphere -0.865422016463886 0.6337564814135535 -2.3765595299398763  0.02
color 0.6 0.7 0.4
sphere -0.2872422673374433 -1.1431449306183414 -1.75390631238652  0.02
color 0.4 0.9 0.5
sphere -1.1897020365077657 -1.4556690699163113 -2.589859387957651  0.02
color 0.9 0.7 0.8
sphere 0.2815698551976258 -0.967190233631646 -3.288664501808009  0.02
color 0.4 0.8 0.5
sphere -1.4641736626973545 -0.42073053608003574 -2.6882483674202073  0.02
color 0.4 0.8 0.4
sphere -1.2658387719722244 -1.0879230907493596 -2.358397410627834  0.02
color 0.9 0.9 0.9
sphere -1.5256699864553895 -0.03213909260859671 -2.380388619185376  0.02
color 0.5 0.9 0.8
sphere 1.3407023242809473 -1.002882092062407 -2.721081480188464  0.02
color 0.4 0.4 0.4
sphere 0.4378047383554966 -1.0942356929530734 -3.6611097489674655  0.02
color 0.4 0.8 0.7
sphere 0.35465260535623866 -1.1293931369069883 -2.636863421133853  0.02
color 0.5 0.5 0.7
sphere -0.24152967630314137 0.4590064982065498 -2.477771040220296  0.02
color 0.4 0.4 0.7
sphere -0.0046270135392165734 -1.1194710289177734 -1.7690659303358265  0.02
color 0.9 0.6 0.5
sphere 0.5770452394920986 -1.0051930412869798 -3.6535765008296535  0.02
color 0.6 0.5 0.6
sphere -1.3914242427938617 -1.1804546299029228 -2.56072362016398  0.02
color 0.6 0.4 0.6
sphere -0.00458745471633204 -1.0994900906349283 -3.1895320437625068  0.02
color 0.5 0.8 0.5
sphere 0.44669878612368485 0.024288856729296704 -2.51280924312629  0.02
color 0.4 0.9 0.8
sphere 0.5103338983094461 -0.34668208002325196 -2.370075054820657  0.02
color 0.8 0.7 0.5
sphere 0.8404657672255871 -0.9070712993785035 -3.2936848808188945  0.02
color 0.7 0.7 0.4
sphere 0.320173857988336 -0.5196211025333795 -2.442035068181165  0.02
color 0.7 0.4 0.6
sphere 0.46686106558455664 -0.17632984182651557 -2.64220967340479  0.02
color 0.9 0.7 0.4
sphere -0.6113093552630238 -0.9402255573610971 -3.0270819896723413  0.02
color 0.4 0.9 0.4
sphere 1.183409592510563 -0.8527727750021095 -1.536358822478903  0.02
color 0.9 0.4 0.6
sphere -1.4447168259425553 -0.048365708331846946 -2.3306691014710763  0.02
color 0.5 0.6 0.9
sphere 0.31597647499781933 0.14571984703213348 -2.6569450550969176  0.02
color 0.5 0.5 0.4
sphere 1.3628280640411963 -1.2264473829297402 -2.242400262003139  0.02
color 0.6 0.5 0.9
sphere 0.6248111374627601 -0.9952519549914571 -2.4300109005625874  0.02
color 0.5 0.6 0.7
sphere 0.5038102025617639 -0.8118590298604538 -3.496189061245057  0.02
color 0.5 0.6 0.5
sphere -1.2824020403644534 -0.44694655298259933 -2.3923649619956304  0.02
color 0.6 0.9 0.5
sphere -0.5161852497303312 -0.938532720189833 -1.8144583499259066  0.02
color 0.5 0.6 0.5
sphere -0.5451233450997415 -1.1188758980382136 -2.820811923402382  0.02
color 0.8 0.8 0.6
sphere -0.6898347519898409 -0.9667049273612656 -2.7048000961003584  0.02
color 0.4 0.7 0.4
sphere 1.3116370660238679 -1.0453043911715416 -2.3942152477083054  0.02
color 0.8 0.5 0.5
sphere -0.2745620329785714 -1.0330288804862016 -1.6260563345036654  0.02
color 0.4 0.8 0.8
sphere -0.9170698436049456 0.35632009807700893 -2.684159800066825  0.02
color 0.9 0.7 0.8
sphere -1.4319517321120179 -0.5140313076391756 -2.3266667705249655  0.02
color 0.6 0.8 0.9
sphere 1.3092886365937848 -0.7946107859933047 -2.1782719592753015  0.02
color 0.9 0.9 0.4
sphere 0.48875552299114045 -0.2557375896121745 -2.268621033581058  0.02
color 0.4 0.6 0.5
sphere -0.33544619204651127 -0.8205177014393299 -2.084313662351666  0.02
color 0.8 0.9 0.7
sphere 0.21634776166038172 -1.4456885653707445 -2.626065286132389  0.02
color 0.5 0.5 0.7
sphere -0.39051698463069506 -0.9492960540673274 -2.5477678505409256  0.02
color 0.6 0.8 0.8
sphere -1.1230067354509505 0.29349388342895777 -2.6822062328549983  0.02
color 0.6 0.9 0.8
sphere 0.7021011263828831 -1.2095096017139393 -3.392391333670985  0.02
color 0.9 0.4 0.5
sphere -0.5328667523541815 -0.8927610816342861 -2.0592166344373117  0.02
color 0.9 0.5 0.5
sphere 1.6920064066132214 -1.0552554933811953 -2.480395180840058  0.02
color 0.7 0.4 0.9
sphere 0.08557969030290691 -1.090087521672905 -1.4755243764727681  0.02
color 0.8 0.5 0.9
sphere 0.8051492481234144 -0.8333397933309539 -3.634394916671532  0.02
color 0.9 0.6 0.5
sphere 0.11703523787297243 -1.0292223326994625 -2.4658073874697357  0.02
color 0.4 0.4 0.4
sphere -0.8252069383886274 0.4641504759746504 -2.469244984774077  0.02
color 0.9 0.9 0.5
sphere 1.1088645248585105 -0.9687408920000973 -3.439787206671252  0.02
color 0.4 0.6 0.7
sphere 0.06159233576307788 -1.1288378976238325 -2.5120297534037412  0.02
color 0.8 0.6 0.8
sphere -0.26503143479628477 -1.064496768136066 -2.7928144512245416  0.02
color 0.7 0.9 0.4
sphere 0.19124838076376038 0.5000207411579622 -2.5539310598271263  0.02
color 0.4 0.4 0.4
sphere -0.604726228108794 -1.0578076589279113 -3.0574807772726698  0.02
color 0.4 0.6 0.4
sphere 0.5415467564102201 -1.0022436579684215 -3.288924532800372  0.02
color 0.6 0.7 0.5
sphere -1.3201197949397296 -0.9760976136627537 -2.6960998097737843  0.02
color 0.4 0.8 0.7
sphere 0.9251858667549309 -1.0476544245038508 -1.5473614190083476  0.02
color 0.8 0.5 0.4
sphere 1.681752071190354 -0.8521843966571341 -2.354953991572408  0.02
color 0.8 0.5 0.4
sphere 1.2454322679734213 -0.9368842240470414 -3.1057697713360257  0.02
color 0.7 0.9 0.5
sphere -0.4569479248522823 -1.3605853441472333 -2.3575491733956557  0.02
color 0.6 0.8 0.4
sphere 0.4711612172848989 -1.008718098448759 -1.347349863788605  0.02
color 0.9 0.4 0.9
sphere 1.5133713553759138 -1.0962597538822902 -1.8470108826278535  0.02
color 0.9 0.5 0.4
sphere 0.14462551119394984 0.33128067644735326 -2.4542042890847187  0.02
color 0.6 0.6 0.5
sphere -0.31609680398145157 -0.886159031379945 -1.978312161806275  0.02
color 0.4 0.6 0.6
sphere 0.5512842147857926 -0.10860387962988627 -2.4368366733020452  0.02
color 0.7 0.8 0.8
sphere -0.48894476702961454 -0.8880691927527233 -3.1768245032900233  0.02
color 0.7 0.4 0.6
sphere -0.47408434385220266 -1.109362599453846 -2.5965112613286756  0.02
color 0.8 0.8 0.7
sphere -0.1702925358932763 -0.7970154846711583 -1.9705581420917717  0.02
color 0.9 0.6 0.6
sphere 1.0880629383516789 -0.9960228060489347 -3.2902286027392655  0.02
color 0.4 0.4 0.7
sphere -1.396211166136176 -0.500336150234578 -2.292343584431002  0.02
color 0.6 0.4 0.4
sphere -0.13817011537483026 -1.059876000803818 -1.9687324153017811  0.02
color 0.4 0.5 0.7
sphere 1.171031461666117 -0.9905994059051464 -3.5119144211359004  0.02
color 0.8 0.4 0.7
sphere -0.4380384318007913 0.5830117188792969 -2.3413505252381412  0.02
color 0.7 0.8 0.7
sphere -0.0624087631591137 -1.3109876068822022 -2.5098860178199334  0.02
color 0.7 0.8 0.6
sphere 0.17696793509430142 -1.0135770962378765 -1.4644724562539269  0.02
color 0.8 0.7 0.4
sphere 0.39959363036210505 -0.8370009088372483 -2.6216269696461043  0.02
color 0.8 0.6 0.7
sphere 0.1240728955704844 -1.3638186890314614 -2.4233357618901836  0.02
color 0.8 0.4 0.6
sphere -0.061685366531753605 0.29826120174652093 -2.4420640985519753  0.02
color 0.5 0.4 0.6
sphere -1.555458330994139 -0.4765675270626284 -2.419329752933895  0.02
color 0.5 0.5 0.9
sphere -1.3075185152205755 0.3960517411829274 -2.4482904837314834  0.02
color 0.6 0.9 0.6
sphere 0.0200058734123556 0.5547119434765668 -2.4044435548988563  0.02
color 0.9 0.7 0.6
sphere -1.2919632807230843 -0.8645425583090991 -2.624703467528265  0.02
color 0.8 0.8 0.6
sphere -0.2727738315263264 -1.511783813253722 -2.3029506236488544  0.02
color 0.5 0.5 0.9
sphere -1.3333382521737067 -0.9676955431991292 -2.6451710115125913  0.02
color 0.6 0.4 0.8
sphere -1.0959878599804354 -1.273202405671467 -2.505724585025783  0.02
color 0.7 0.5 0.5
sphere -1.258711942044561 0.28939730202623704 -2.380348151478106  0.02
color 0.6 0.6 0.7
sphere -0.5414282697988564 0.53685987448657 -2.254416952750516  0.02
color 0.8 0.7 0.4
sphere 0.7682176250668049 -1.1790338981241728 -1.4746865351127565  0.02
color 0.5 0.6 0.6
sphere -0.21320741993101144 -0.9836920956373847 -3.2591592793379185  0.02
color 0.6 0.5 0.7
sphere -0.6468484237643488 0.3026553049542344 -2.494096451340624  0.02
color 0.8 0.7 0.7
sphere -1.4926159217551591 -0.6578665324741748 -2.325875777185219  0.02
color 0.6 0.6 0.5
sphere 1.0404538947167694 -0.8121735657473379 -3.4365493152044975  0.02
color 0.4 0.6 0.4
sphere -0.9960694644644219 0.2794224670660883 -2.595011693230544  0.02
color 0.5 0.8 0.8
sphere 0.7774251635859213 -1.1406828281754793 -3.5560029484631923  0.02
color 0.6 0.9 0.7
sphere -0.4225485793704684 -1.033043136268304 -2.0543590470969244  0.02
color 0.8 0.6 0.7
sphere 1.382374709730409 -0.984417270281821 -2.9258467991052974  0.02
color 0.7 0.5 0.8
sphere -0.2842629548005564 -1.575774121586984 -2.299718066013654  0.02
color 0.5 0.5 0.6
sphere -1.2252680862673246 -1.0289718181588507 -2.6864462998513967  0.02
color 0.6 0.4 0.6
sphere -0.5079264980130453 -1.4741345789182438 -2.2664947662200117  0.02
color 0.5 0.9 0.6
sphere -1.2630397766153885 -0.22133785126924366 -2.655037314408669  0.02
color 0.4 0.8 0.7
sphere 1.72061872524552 -1.0430591607674193 -2.417802089754106  0.02
color 0.9 0.7 0.5
sphere -0.3000671937353325 -1.1978753718309143 -2.8394946544340023  0.02
color 0.9 0.4 0.4
sphere -1.1957536355842762 0.4793982266925205 -2.3566076463734498  0.02
color 0.7 0.4 0.6
sphere 0.9312116557179642 -1.1429884783983124 -1.4780009757817831  0.02
color 0.9 0.4 0.5
sphere 0.5952678452282774 -0.46655530061600414 -2.4570854246848213  0.02
color 0.9 0.5 0.4
sphere 0.6849196442569565 -1.082334912008175 -1.672027783509313  0.02
color 0.9 0.8 0.7
sphere -0.08453386738540436 -1.022731546894518 -1.5364039101724352  0.02
color 0.8 0.7 0.7
sphere -0.13244406898684158 -1.012888834213578 -3.554454506869107  0.02
color 0.6 0.7 0.7
sphere -0.21142219071346524 -1.180115125531524 -1.9531548809231012  0.02
color 0.6 0.9 0.9
sphere -0.896194242521946 -1.2369486561820802 -2.676019006037733  0.02
color 0.5 0.9 0.6
sphere 0.09943960758904336 0.19656728344169627 -2.7223468250383913  0.02
color 0.8 0.4 0.9
sphere -1.0734615529242064 0.1940642183972794 -2.476995451535707  0.02
color 0.6 0.5 0.8
sphere 0.10107557670282441 -1.0988912673134537 -1.5268148788882545  0.02
color 0.9 0.7 0.4
sphere 1.1371135784419306 -1.1854228783630374 -1.5567746584956814  0.02
color 0.7 0.9 0.9
sphere -0.34467334257931004 -1.0393395788690731 -2.31464548210067  0.02
color 0.6 0.4 0.6
sphere -0.4434061428650655 -1.1912132948853498 -2.1791152787809676  0.02
color 0.7 0.7 0.4
sphere -1.6725542785907916 -0.19750266675606198 -2.44481952293712  0.02
color 0.7 0.9 0.5
sphere -0.5611531998224364 -1.3403894471529045 -2.477852161887715  0.02
color 0.8 0.7 0.6
sphere 0.017624318466828992 -1.1807774829301008 -2.4086865152395913  0.02
color 0.9 0.5 0.4
sphere 1.235036384790118 -1.1529279406431847 -2.847507809690798  0.02
color 0.5 0.5 0.6
sphere 1.2097630214312174 -0.8741172521189453 -1.5424292753212225  0.02
color 0.7 0.5 0.4
sphere -0.4150302561127237 -1.1690350418719326 -2.729165596957506  0.02
color 0.7 0.7 0.9
sphere -0.23110801875372378 -1.5914872991631102 -2.5512693377075206  0.02
color 0.9 0.9 0.7
sphere 0.9929344843616774 -1.1712802313265933 -3.152694049633534  0.02
color 0.5 0.6 0.7
sphere 1.6592579318140834 -0.9931149004681661 -2.215965591193265  0.02
color 0.5 0.7 0.5
sphere -0.6276852356546674 -1.2695598186437302 -2.4155722976170875  0.02
color 0.5 0.8 0.6
sphere 0.6060328676703883 -0.7257177448350309 -2.595872931554993  0.02
color 0.6 0.8 0.4
sphere -1.3665016169931952 -1.2206291877966056 -2.346806636103658  0.02
color 0.7 0.4 0.4
sphere -1.4815009190210868 -0.5064361592636066 -2.32015613895664  0.02
color 0.7 0.9 0.7
sphere 0.5418873269124953 -0.19086196662381116 -2.724346950927485  0.02
color 0.6 0.8 0.6
sphere -0.7091568985841676 -1.121753471579106 -2.5771288159775363  0.02
color 0.8 0.7 0.7
sphere 0.7730114013439038 -0.9912560726334871 -3.405483896649825  0.02
color 0.4 0.7 0.9
sphere 0.07465622212428746 -0.9547886758167659 -3.389780542405802  0.02
color 0.7 0.5 0.5
sphere 1.217623718081338 -1.048230807008443 -1.5569883201611923  0.02
color 0.5 0.9 0.8
sphere 0.19888036045008528 -1.1663593233355791 -1.553210592505308  0.02
color 0.4 0.5 0.5
sphere 1.4257789314177955 -0.9473275995169224 -2.2419229517662487  0.02
color 0.5 0.4 0.7
sphere -1.1307281272845824 0.2303000875194834 -2.2756613729189965  0.02
color 0.7 0.5 0.9
sphere 0.5952231935046357 -0.5313339929339675 -2.5769356735699693  0.02
color 0.4 0.5 0.6
sphere 0.10267277753500448 -1.1173014627558384 -1.5075544921341661  0.02
color 0.9 0.7 0.9
sphere -0.7704123564748246 -1.5617861534213815 -2.6665685471627847  0.02
color 0.4 0.4 0.4
sphere -0.2759121450151829 -1.234869810810728 -3.1914554687470713  0.02
color 0.8 0.6 0.8
sphere -1.0464443007437878 0.47899080662346716 -2.557991427117  0.02
color 0.8 0.7 0.7
sphere -0.3723378602305374 -0.9917203739267619 -2.4446931612442913  0.02
color 0.7 0.8 0.5
sphere -0.6677286036833903 -1.023244750357284 -2.089702806033194  0.02
color 0.6 0.6 0.9
sphere -0.32485082871489057 -0.7728849494194194 -2.996994289334082  0.02
color 0.4 0.8 0.5
sphere -1.2914981913968404 -0.5302627708245393 -2.6315312600405196  0.02
color 0.7 0.8 0.7
sphere -0.333504883674443 0.320846722371507 -2.4007599376070274  0.02
color 0.4 0.4 0.8
sphere -0.09569623439706865 0.1866919448165869 -2.4743598664646327  0.02
color 0.7 0.6 0.5
sphere -1.710618219650343 -0.4895216605049808 -2.455956896015631  0.02
color 0.5 0.6 0.8
sphere -1.5045333377307428 -0.7076204803074919 -2.474216741011528  0.02
color 0.6 0.6 0.9
sphere 0.3859861367522446 -1.1204026973728394 -3.293175070021395  0.02
color 0.5 0.4 0.8
sphere -1.329658148906026 0.30010751312059103 -2.671305439072979  0.02
color 0.7 0.9 0.5
sphere 0.42590603454769393 -0.7442962846142533 -2.3408324946151366  0.02
color 0.6 0.9 0.6
sphere 1.5222818221467258 -1.0721581797101152 -2.662437472388632  0.02
color 0.9 0.8 0.6
sphere 0.26476166791965294 -0.17462996688130072 -2.4895081060217326  0.02
color 0.9 0.5 0.5
sphere -0.9646210853976047 -1.5057279384627038 -2.4490844970865417  0.02
color 0.5 0.4 0.6
sphere 0.5868509384656857 -1.0565010915192539 -1.2839380331456178  0.02
color 0.9 0.8 0.8
sphere -1.3992301273608656 -0.5262638173005558 -2.3738463912838936  0.02
color 0.8 0.6 0.4
sphere 0.11252348894483033 -1.5264105623382336 -2.5575869492305237  0.02
color 0.5 0.7 0.6
sphere 0.907277098712596 -1.1297560838718375 -1.7376987290361265  0.02
color 0.6 0.7 0.9
sphere -0.2867646322749393 -1.1075070269823146 -2.5276466183288546  0.02
color 0.8 0.4 0.7
sphere 0.13408913787656562 -1.163775450524537 -1.549803423910773  0.02
color 0.9 0.6 0.4
sphere 1.4015978136834586 -1.0525477475163911 -1.9319645047470289  0.02
color 0.8 0.8 0.7
sphere -1.502848402138988 -0.7191839568163263 -2.4409438892990307  0.02
color 0.8 0.4 0.4
sphere -0.44200192696966667 0.5381833271467236 -2.346038382380854  0.02
color 0.7 0.6 0.9
sphere 0.682669589088789 -0.9849220813951178 -3.6441496365992796  0.02
color 0.6 0.6 0.5
sphere 0.8661108129196147 -0.9697061376484779 -1.5891729135092532  0.02
color 0.9 0.8 0.7
sphere -0.5281186647928622 -1.446672664353232 -2.3591404476619675  0.02
color 0.9 0.5 0.7
sphere 1.1234436211062087 -0.8718665166115929 -1.7432636184391077  0.02
color 0.9 0.7 0.8
sphere 0.17469315688555742 -1.0840352044065078 -2.709295511753848  0.02
color 0.9 0.5 0.8
sphere -0.9347148749842606 -1.3083631163122496 -2.554926076579602  0.02
color 0.5 0.5 0.5
sphere 0.9036456060684905 -0.8986128912828839 -3.1628934146696235  0.02
color 0.9 0.7 0.5
sphere 0.13397036696772213 -0.9876024144261226 -2.480352270238992  0.02
color 0.5 0.4 0.5
sphere 1.0456132236835072 -1.0401212605544758 -1.6761340215721976  0.02
color 0.8 0.8 0.4
sphere -1.0082203103122644 0.5594505047946985 -2.5706869511329256  0.02
color 0.8 0.6 0.8
sphere -1.0318849543353403 0.596449526664308 -2.410003489601803  0.02
color 0.8 0.9 0.6
sphere 0.683482957325444 -0.3995646738352381 -2.608852280378575  0.02
color 0.4 0.9 0.7
sphere 0.46700108427150155 -0.09217982967245275 -2.2851335128657695  0.02
color 0.6 0.4 0.5
sphere 0.37812750234203074 -0.7908294878579856 -2.5739398517074505  0.02
color 0.8 0.7 0.4
sphere -0.202521551216162 -1.043699285457416 -1.4865117832397132  0.02
color 0.9 0.9 0.4
sphere -1.2013093621142379 -1.2161360010422486 -2.590848220218124  0.02
color 0.6 0.4 0.4
sphere -0.2998477877779231 0.597539592552184 -2.6168182496575283  0.02
color 0.9 0.7 0.8
sphere 0.5290663917715142 -0.9972968494046661 -3.3536448147583  0.02
color 0.7 0.9 0.4
sphere -1.6961863433324407 -0.39428552829322294 -2.560540342303312  0.02
color 0.7 0.7 0.4
sphere 0.49542602639865896 0.20067206312602526 -2.450641671023366  0.02
color 0.8 0.6 0.6
sphere -1.5460946475877835 -0.511429212068907 -2.69613249554405  0.02
color 0.4 0.5 0.9
sphere -0.029174648379448165 -1.390210816123612 -2.4585540323017514  0.02
color 0.5 0.9 0.5
sphere -0.24245753775974999 -0.9316636640892249 -2.222040743988085  0.02
color 0.5 0.4 0.5
sphere 0.3725637521787797 0.09163480568518123 -2.265838142653658  0.02
color 0.5 0.4 0.7
sphere 1.2040696393470292 -1.0472972296247476 -2.8043592743266768  0.02
color 0.8 0.4 0.5
sphere 0.518936813877386 -0.3057048206908326 -2.4422938422584393  0.02
color 0.4 0.4 0.8
sphere -0.19444998935169622 -1.3562729230338637 -2.296169681330592  0.02
color 0.7 0.6 0.9
sphere 1.142421490299946 -1.0003000092282983 -3.4113157442337982  0.02
color 0.9 0.5 0.8
sphere -0.5033082256315029 -0.9644278497686387 -2.2506632951107317  0.02
color 0.6 0.6 0.5
sphere 1.40361193619112 -0.9342135782180216 -2.306201064181761  0.02
color 0.7 0.9 0.8
sphere -0.8733158326096708 0.5502055488442541 -2.5165027252515455  0.02
color 0.5 0.4 0.9
sphere 0.112048162070705 0.22351352467494223 -2.428762582069526  0.02
color 0.6 0.9 0.7
sphere 0.05167732955513005 -1.0768466596386332 -3.6452171837369596  0.02
color 0.4 0.5 0.9
sphere 0.21862718110363133 -1.0954087359751452 -2.7176475132776075  0.02
color 0.9 0.6 0.9
sphere 1.5700629531916523 -1.099418768155664 -3.023041600821857  0.02
color 0.7 0.7 0.9
sphere -1.372922594803672 -0.25403785179907645 -2.4946814979380427  0.02
color 0.8 0.7 0.5
sphere 0.5529587107144485 -1.2089259766624205 -1.4555635468098957  0.02
color 0.7 0.5 0.7
sphere 1.31256122707088 -0.8403040279591965 -3.35699612567958  0.02
color 0.6 0.8 0.6
sphere 0.194680429243542 -1.2028088002133104 -3.4962618948204396  0.02
color 0.4 0.8 0.9
sphere 0.8758454498810564 -0.8913160587225186 -1.602746491358114  0.02
color 0.7 0.9 0.7
sphere 0.03585436864760405 0.12035890172526731 -2.532281576211284  0.02
color 0.7 0.5 0.4
sphere -0.04049095865520824 -0.9401772596321374 -1.6947226583971178  0.02
color 0.4 0.8 0.8
sphere 0.2644361593840854 -1.2438998439617563 -2.264981219661145  0.02
color 0.7 0.5 0.5
sphere 1.4374454120306823 -0.8616206919492204 -1.7862500161545611  0.02
color 0.8 0.4 0.9
sphere 1.4530742871245308 -0.9933588112919072 -2.340689820059904  0.02
color 0.7 0.8 0.8
sphere 1.267105031586389 -1.1184006212628974 -1.7123710580932388  0.02
color 0.7 0.6 0.5
sphere 1.3916771209610226 -0.9528772344679814 -2.560208012706947  0.02
color 0.8 0.8 0.8
sphere 0.4259797239694545 -0.8186321480681986 -2.2730369165183717  0.02
color 0.5 0.5 0.5
sphere 0.4119410985455265 -1.063594054867091 -2.663482915652415  0.02
color 0.9 0.4 0.4
sphere -0.33560282829485555 -1.237112254319737 -2.493463433551983  0.02
color 0.4 0.6 0.9
sphere -0.18752942209599865 -1.6364630219057426 -2.497048738010759  0.02
color 0.5 0.6 0.5
sphere 0.2158965748110302 -1.1539463653159556 -3.5477659961470653  0.02
color 0.9 0.6 0.9
sphere 0.22431787580490248 0.24911271779929356 -2.2642420447487583  0.02
color 0.4 0.5 0.7
sphere -0.5514652906407274 0.5774799414788703 -2.4310717313017993  0.02
color 0.7 0.6 0.5
sphere -1.468085602631474 -0.08011771630640174 -2.5916031593880478  0.02
color 0.9 0.4 0.6
sphere -0.041462139406913234 0.455120512014175 -2.531724387963599  0.02
color 0.9 0.4 0.6
sphere 0.47046823411978433 -0.8392137166987075 -3.5685362874606454  0.02
color 0.4 0.6 0.9
sphere 0.8810621468565607 -1.0113792123512697 -3.1618575342847532  0.02
color 0.8 0.5 0.5
sphere 1.586277320423695 -1.0660049846729165 -2.0592603333167765  0.02
color 0.8 0.4 0.8
sphere 0.8771290874686897 -1.022483095866527 -1.6100420946584917  0.02
color 0.5 0.9 0.5
sphere -1.3005550430135835 -1.358686485060018 -2.3773257727563557  0.02
color 0.7 0.4 0.8
sphere 0.1526678595900477 0.2550341375445355 -2.706125429748253  0.02
color 0.8 0.8 0.7
sphere -0.3930654870297339 -1.2758113874755597 -2.5865338768717554  0.02
color 0.6 0.9 0.8
sphere 0.5632499620028448 -1.2364132629342661 -1.5816556321513975  0.02
color 0.9 0.6 0.8
sphere 0.550134694650902 -0.05706094606570433 -2.3993844786848078  0.02
color 0.4 0.4 0.7
sphere 0.1906309290712267 -0.9774342993265503 -3.592056352935974  0.02
color 0.6 0.7 0.6
sphere -0.16733985920653893 -1.364309127076849 -2.6974053846838553  0.02
color 0.6 0.6 0.9
sphere -0.3136339577860734 -1.005640167855911 -2.79756023064784  0.02
color 0.4 0.4 0.7
sphere -1.2299812510143169 -0.9949402684818636 -2.508868161467804  0.02
color 0.4 0.6 0.7
sphere 0.2602356898715992 -0.8421985289949494 -2.571042163419966  0.02
color 0.9 0.6 0.6
sphere -0.5196702833897975 0.5307557311167366 -2.3220819101819474  0.02
color 0.8 0.6 0.6
sphere -0.1855315448299093 -1.5876209422007652 -2.344276426802421  0.02
color 0.6 0.5 0.7
sphere -1.0087587236787203 -1.4830359107806532 -2.3837638116103093  0.02
color 0.4 0.7 0.6
sphere 0.3544060927673751 -0.6375663577258108 -2.3999455751161873  0.02
color 0.6 0.6 0.7
sphere 1.2852226946743164 -1.023975776113108 -1.7483065829464066  0.02
color 0.8 0.8 0.6
sphere -0.17549739451145152 -1.1693399532313102 -3.033794960588195  0.02
color 0.6 0.5 0.6
sphere -0.21392128205332384 0.6379474102200495 -2.4508286179638654  0.02
color 0.4 0.7 0.5
sphere -0.19111460117268786 -1.0573820928838247 -1.9939662886413578  0.02
color 0.4 0.5 0.4
sphere 0.38291557285350697 -0.10562099887782272 -2.4910017580267856  0.02
color 0.4 0.5 0.6
sphere 0.059434315500717094 0.18936209464106835 -2.561437053032072  0.02
color 0.4 0.4 0.7
sphere 1.374778563874096 -0.9082270435989748 -2.330703449672293  0.02
color 0.7 0.6 0.7
sphere 1.6074635144071139 -1.0235077234696868 -2.422412309042717  0.02
color 0.8 0.8 0.8
sphere -0.8594758870374521 0.4952820907355586 -2.462453188879517  0.02
color 0.4 0.9 0.9
sphere 0.09080387233885645 -1.0989562651610534 -1.628916988157946  0.02
color 0.6 0.8 0.4
sphere 0.4407014164363945 0.09389903282721113 -2.7033894247443406  0.02
color 0.6 0.7 0.5
sphere -0.3221240660552134 -1.0118263627612665 -2.1062154805071303  0.02
color 0.8 0.9 0.7
sphere 1.132739768624639 -0.856726124926845 -3.3482106045719795  0.02
color 0.7 0.6 0.8
sphere 0.7160561584823308 -0.9548118498989417 -1.302109918342746  0.02
color 0.9 0.5 0.6
sphere -0.7136841695344516 -1.5267222834434748 -2.3947541765426266  0.02
color 0.6 0.9 0.4
sphere 0.1416767362251954 -1.0112629345009965 -3.679069089571072  0.02
color 0.4 0.5 0.6
sphere 0.440173604470373 -0.6958847582957701 -2.7090630868130496  0.02
color 0.5 0.8 0.8
sphere -0.3028039743224227 0.4321638218200925 -2.4396808376155006  0.02
color 0.5 0.7 0.6
sphere -1.2295579251240967 0.003514064721045873 -2.5579900173325947  0.02
color 0.6 0.5 0.7
sphere -0.719638257713827 -1.5149180408557839 -2.663252868795279  0.02
color 0.8 0.6 0.8
sphere -0.12400630933108969 -1.4990890756370354 -2.433928427054051  0.02
color 0.8 0.6 0.5
sphere -0.9190977006564034 -1.2827087461122142 -2.7219893075901256  0.02
color 0.7 0.7 0.5
sphere 0.0639955835277708 -1.0470142626169694 -3.4549340372369826  0.02
color 0.7 0.5 0.4
sphere 0.7059305051355813 -1.2171867422709517 -3.39205486347881  0.02
color 0.4 0.5 0.9