png 256 256 300.png
color 0.5 0.75 1
sun 1 1 1

color 0.9 0.7 0.7
sphere 0.4567252638613626 -1.1688557516544233 -3.3473015774289996  0.02
color 0.9 0.8 0.4
sphere -0.283290715856805 -1.1665656634829293 -2.8000030371821563  0.02
color 0.6 0.9 0.8
sphere -1.1319273024124343 0.11521303913956737 -2.504991215778828  0.02
color 0.5 0.5 0.4
sphere -0.39035950780107687 -1.543433627204279 -2.3669236480794265  0.02
color 0.9 0.9 0.5
sphere -0.19587858539128256 -1.1657763915964345 -2.9207523752608644  0.02
color 0.5 0.4 0.9
sphere 0.2997953597114287 -1.4188283112380575 -2.588549207656839  0.02
color 0.5 0.4 0.9
sphere 0.06278807379901608 -1.1403803297414008 -3.6217278469669685  0.02
color 0.9 0.6 0.9
sphere -0.3227448548097325 0.5315100281044964 -2.5592308156635832  0.02
color 0.9 0.5 0.5
sphere -0.0663111938233758 -1.599954125316831 -2.5651964134106997  0.02
color 0.7 0.7 0.6
sphere 1.6875127501337608 -1.0878348209043733 -2.2051191511028017  0.02
color 0.6 0.5 0.7
sphere 1.4434783707740664 -0.8323035058717569 -1.9069228417126185  0.02
color 0.7 0.5 0.8
sphere -1.0293211641466504 -1.3548550667825476 -2.5116128053015814  0.02
color 0.7 0.5 0.7
sphere 0.7971114833869652 -1.0153946579568602 -1.4454660370303243  0.02
color 0.8 0.7 0.5
sphere 1.4618549159418817 -1.0698420229670935 -1.77448251431053  0.02
color 0.6 0.4 0.8
sphere -1.293323668852953 -1.162319272175044 -2.5453633313642063  0.02
color 0.5 0.5 0.6
sphere -0.14764087576644647 -0.9388123100772732 -3.2666399041131022  0.02
color 0.4 0.7 0.7
sphere 0.2824670818091968 -0.36423912966468874 -2.4967246833431185  0.02
color 0.7 0.4 0.6
sphere 1.4171573516240352 -0.9393054925146704 -2.5973329611621185  0.02
color 0.7 0.6 0.8
sphere 0.18133052600612443 -1.391630845197756 -2.558643027007691  0.02
color 0.8 0.7 0.4
sphere -0.7570342369963101 -1.4291831816250133 -2.706901606163224  0.02
color 0.8 0.8 0.8
sphere 0.5164814734732293 -0.34743433344457575 -2.4004456356590707  0.02
color 0.4 0.4 0.7
sphere -1.018844620758311 -1.480005179512454 -2.6319562893580315  0.02
color 0.4 0.9 0.9
sphere 1.3091261628197723 -0.9645670655287324 -2.02650353570358  0.02
color 0.7 0.9 0.9
sphere -0.13371951822301043 -1.2186454811594607 -3.158997791631256  0.02
color 0.6 0.9 0.4
sphere 0.7647954812192923 -1.0268881924842752 -1.3603698666507915  0.02
color 0.5 0.4 0.7
sphere -0.5127332926342905 -1.1204781028167479 -1.9276906616933647  0.02
color 0.8 0.7 0.5
sphere 0.628514151396244 -1.0940222303618343 -1.5986315948705618  0.02
color 0.9 0.6 0.6
sphere -1.5138706773543915 -0.38634501392915865 -2.3955294201104143  0.02
color 0.7 0.8 0.5
sphere 1.707841966980693 -0.9058091606623284 -2.308779015483548  0.02
color 0.5 0.6 0.5
sphere -0.4950743240433031 0.7125856182543262 -2.626328226830042  0.02
color 0.5 0.4 0.8
sphere 1.334865611971293 -1.2263317744132394 -2.8773581423546397  0.02
color 0.4 0.6 0.9
sphere 0.3350719378640532 -1.2142933157011497 -3.3641757155255947  0.02
color 0.4 0.7 0.5
sphere 0.32969375294861036 0.11496598133986424 -2.4119981644100115  0.02
color 0.9 0.6 0.9
sphere 0.3281557631047076 -0.45557713504265385 -2.3279415485681616  0.02
color 0.6 0.5 0.8
sphere 0.25999881391979196 -1.0255043064648541 -2.4474735434965194  0.02
color 0.8 0.8 0.8
sphere 0.1881499932083459 -0.7976575348215982 -1.5025214714385742  0.02
color 0.8 0.9 0.4
sphere -1.3085498721155293 0.14901953537617407 -2.6424982888104127  0.02
color 0.8 0.9 0.8
sphere -0.9490820333830552 -1.2484697674665766 -2.4909602416045997  0.02
color 0.6 0.8 0.8
sphere 1.1988431626321137 -1.066675840793919 -1.8488430731500243  0.02
color 0.8 0.7 0.7
sphere -0.18579868429218527 -0.8616414585706362 -2.996090604512113  0.02
color 0.9 0.5 0.4
sphere -0.47030605102503165 -0.840121208013271 -2.3605796645425676  0.02
color 0.4 0.8 0.8
sphere 1.4508043179057784 -0.7672806935911494 -1.971379159204015  0.02
color 0.9 0.4 0.5
sphere -0.9418652439645001 0.44958634996390456 -2.6664029897939816  0.02
color 0.7 0.7 0.9
sphere -0.5309343237766697 -1.019732032913383 -3.114752841405531  0.02
color 0.7 0.6 0.7
sphere -1.4362682860487173 -0.44977995743160415 -2.6904406459924872  0.02
color 0.7 0.6 0.4
sphere -0.5015290808425994 0.32691535908812686 -2.6198230906340845  0.02
color 0.5 0.9 0.4
sphere -0.08727629107321855 -1.11223148983954 -3.090836397807201  0.02
color 0.9 0.6 0.6
sphere -0.46770634450754445 -1.5027244688745571 -2.471575194909395  0.02
color 0.9 0.8 0.6
sphere -0.779275250693023 -1.214673665050042 -2.5613707144685396  0.02
color 0.9 0.8 0.7
sphere -0.518537815685796 -1.5029855124984546 -2.369336974302091  0.02
color 0.9 0.5 0.7
sphere 0.7928935479010484 -1.1207608533833326 -1.6616044585098102  0.02
color 0.5 0.8 0.4
sphere -1.53834228340241 -0.2561540226067631 -2.597031555847025  0.02
color 0.5 0.9 0.5
sphere 1.2625432620789647 -1.209199846822968 -3.1288730408900607  0.02
color 0.7 0.8 0.5
sphere 0.6765196118164694 -1.0850859209358763 -1.7497115481458931  0.02
color 0.9 0.5 0.6
sphere 1.2934018264888154 -0.9070687618300828 -1.8135809362011663  0.02
color 0.6 0.8 0.4
sphere 6.0723476047019886e-05 -1.5538150224415235 -2.443714054468282  0.02
color 0.9 0.7 0.4
sphere 1.5548276548181321 -1.1909347100369736 -2.789591352078445  0.02
color 0.4 0.5 0.8
sphere -1.6339586536375204 -0.2772540740525282 -2.5439027935223066  0.02
color 0.9 0.6 0.8
sphere -0.00794073239979376 0.33436123977784815 -2.7390809286493116  0.02
color 0.7 0.5 0.7
sphere -0.6611580083860882 -1.5098931016232457 -2.4826852602824214  0.02
color 0.4 0.5 0.7
sphere 0.009345705667302528 0.44042728152469035 -2.2659934348705804  0.02
color 0.4 0.8 0.6
sphere -0.3342384245302985 0.41578534945161394 -2.45915066979413  0.02
color 0.7 0.4 0.5
sphere 0.39853178509527254 -0.9456340235317033 -2.4022275459670794  0.02
color 0.5 0.7 0.9
sphere 1.4640562016265988 -1.1230432006093407 -3.0043472750187576  0.02
color 0.7 0.7 0.4
sphere 0.2728359282914399 -0.9035816371654088 -3.6058615223426607  0.02
color 0.8 0.9 0.8
sphere 1.4232995782509965 -1.1319620567183644 -2.3129671803893532  0.02
color 0.8 0.8 0.8
sphere 0.4437583298837775 -0.9025755814836125 -2.3415049620143815  0.02
color 0.6 0.4 0.8
sphere 0.8897657564893655 -0.8924360264365845 -3.4015827255552273  0.02
color 0.5 0.9 0.9
sphere -1.440392621524174 -0.4343254317412719 -2.5917971463323983  0.02
color 0.7 0.7 0.6
sphere 0.2383463684743945 -0.7270508584302351 -2.5719694228656067  0.02
color 0.7 0.7 0.4
sphere -0.4746098736212372 -0.9830464679772031 -2.418334981140042  0.02
color 0.7 0.8 0.9
sphere 0.19953030109031555 -0.7851152632810283 -3.432951634858709  0.02
color 0.7 0.5 0.7
sphere -1.4566893285632223 0.04993920229715121 -2.4626072569082047  0.02
color 0.7 0.7 0.6
sphere 1.5285990514869914 -0.8464027935960066 -2.501655892173324  0.02
color 0.8 0.4 0.6
sphere -1.567038862528817 -0.3850202714075044 -2.627059511734651  0.02
color 0.6 0.6 0.4
sphere -1.561622036752257 -0.11811555204590007 -2.6393185691597494  0.02
color 0.7 0.4 0.4
sphere 0.4064087563140588 -0.9142576322017666 -2.2690812528438715  0.02
color 0.9 0.8 0.6
sphere 0.4354177694944519 -0.8974703962248762 -2.5406067017014076  0.02
color 0.5 0.6 0.8
sphere 0.6183469952915539 -1.0211901878707823 -3.5719789920925864  0.02
color 0.7 0.5 0.8
sphere -1.325770174026586 -1.2280932218891447 -2.627504228590232  0.02
color 0.9 0.5 0.6
sphere 0.5923726593808181 -0.9077392166277582 -2.6426553575693745  0.02
color 0.9 0.5 0.8
sphere 0.32044935556631726 -1.1311757135253195 -2.738902565527172  0.02
color 0.4 0.9 0.7
sphere -0.9593525421300715 -1.5639365869573054 -2.5411348600513795  0.02
color 0.8 0.5 0.4
sphere 1.4535744298122926 -1.080742237861383 -3.173594801520199  0.02
color 0.5 0.6 0.6
sphere -0.25228397117861734 0.530736482255469 -2.2580541278230486  0.02
color 0.7 0.5 0.5
sphere -1.0511557517017276 -1.0890586694652575 -2.3856893039553997  0.02
color 0.8 0.7 0.7
sphere 1.3587679832564326 -0.996200626208493 -3.3204911254269693  0.02
color 0.9 0.9 0.6
sphere 0.04649659912506898 0.20499297675476624 -2.4113703661987707  0.02
color 0.9 0.7 0.7
sphere 1.0286000163700066 -1.1616619077073294 -1.4795645873197993  0.02
color 0.9 0.5 0.8
sphere 0.23651329475352556 -0.8677387120417008 -2.500538482100163  0.02
color 0.7 0.6 0.7
sphere -1.539007042001649 -0.41772567558183926 -2.491806841989715  0.02
color 0.9 0.4 0.6
sphere -1.2698064927544834 0.2760702251916305 -2.558069278326461  0.02
color 0.5 0.6 0.5
sphere -0.24687205856365635 0.45933707269084856 -2.571161946859095  0.02
color 0.5 0.9 0.8
sphere -0.6966514583625845 0.7068113658610757 -2.51247385058036  0.02
color 0.7 0.8 0.9
sphere 1.5594822994400412 -0.88569917844845 -2.1450885558893455  0.02
color 0.5 0.9 0.7
sphere -0.9401089471723578 0.5329147053027907 -2.5801796608578  0.02
color 0.7 0.4 0.7
sphere 1.6681410059528732 -1.1168772486386196 -2.642382768772305  0.02
color 0.5 0.7 0.4
sphere 1.2799360034888 -0.8725977706763262 -2.8563666470568085  0.02
color 0.6 0.7 0.5
sphere 0.47171033444440136 -0.4713318169625005 -2.6935550031586546  0.02
color 0.6 0.4 0.5
sphere -0.39311071720699475 -1.3061261105473712 -2.6167415070409787  0.02
color 0.9 0.8 0.4
sphere -0.12484343128208009 -1.167762030784155 -2.5577807187232886  0.02
color 0.5 0.5 0.8
sphere -1.1262492586587864 -1.4371616955614366 -2.5014587213758803  0.02
color 0.9 0.5 0.8
sphere 0.13351921549109758 -1.1806350053520376 -1.618379711836659  0.02
color 0.4 0.7 0.4
sphere -0.33253929488478784 -1.4271209616809224 -2.583638538650166  0.02
color 0.8 0.5 0.7
sphere 0.4570554597164751 -1.1159677107392971 -1.3082469197286857  0.02
color 0.8 0.4 0.8
sphere -0.2819915697619928 0.5446102272386995 -2.26521813314334  0.02
color 0.7 0.6 0.7
sphere 0.40985319020926436 -0.7056803997715839 -2.272078399272512  0.02
color 0.8 0.7 0.8
sphere 0.441728173080115 0.1816898534750968 -2.346658459449402  0.02
color 0.9 0.8 0.6
sphere -1.1992995516441374 -0.0061255748297774915 -2.359876028977039  0.02
color 0.5 0.8 0.5
sphere 0.41360802180295586 -0.998302690090278 -3.671488402502109  0.02
color 0.6 0.4 0.7
sphere 0.46143024469894467 0.04974773729825843 -2.656396216381189  0.02
color 0.9 0.9 0.7
sphere 0.7113173796159509 -1.1574018539644988 -1.434299159220918  0.02
color 0.7 0.7 0.4
sphere 1.3067260843811237 -1.0004609617100604 -2.9868586912930106  0.02
color 0.6 0.5 0.8
sphere -1.389397835695684 -1.0238962312593856 -2.2750896622219456  0.02
color 0.5 0.7 0.7
sphere -0.9818993063079935 0.491745935876728 -2.5836871315310077  0.02
color 0.9 0.6 0.6
sphere -1.5221814946060515 -0.4810272264899904 -2.3662681095345537  0.02
color 0.4 0.6 0.6
sphere -0.6056509825534304 0.47552659112080686 -2.3589805913375415  0.02
color 0.5 0.5 0.8
sphere -1.6964256331119465 -0.6104191627126805 -2.378729575834279  0.02
color 0.5 0.8 0.4
sphere -1.702733596875118 -0.6121649650437315 -2.5183393448464555  0.02
color 0.5 0.8 0.4
sphere -1.2609168316532617 -0.426844504555961 -2.5131355965866797  0.02
color 0.9 0.5 0.6
sphere -0.8757544866630309 -1.3466281815159045 -2.2910243497281133  0.02
color 0.4 0.8 0.4
sphere 0.47687287730738515 -0.2969846043983151 -2.731551262889905  0.02
color 0.7 0.4 0.8
sphere -0.6443583003474314 -1.4709640240451818 -2.28677250152878  0.02
color 0.5 0.8 0.4
sphere -0.5597979622123765 -1.543698038809033 -2.430468338742932  0.02
color 0.5 0.4 0.5
sphere -0.6665652592049907 -0.9589430292656251 -2.6978147683101676  0.02
color 0.6 0.8 0.7
sphere -0.8853218746752862 -1.354665713097543 -2.280348651685533  0.02
color 0.5 0.6 0.8
sphere 1.3000960854765786 -1.056416053742086 -2.35526230753064  0.02
color 0.5 0.4 0.6
sphere 0.4092978129593039 -1.0829254273490965 -2.5285602484621865  0.02
color 0.6 0.7 0.7
sphere 0.4132861437648354 -0.4961041304981144 -2.3602047725930704  0.02
color 0.9 0.6 0.8
sphere 0.09374607993064021 -1.571775758009188 -2.567453960204059  0.02
color 0.4 0.4 0.4
sphere -0.4423027027606521 -1.3786135856881643 -2.3025264864852697  0.02
color 0.7 0.5 0.6
sphere -1.4139084247700646 0.07183212245588555 -2.6807875420372778  0.02
color 0.9 0.8 0.6
sphere -0.5248106034100828 -0.8101364788874013 -2.606600517719545  0.02
color 0.8 0.8 0.4
sphere 0.41672450591889065 -0.8485331074800837 -3.3584980759183782  0.02
color 0.8 0.7 0.9
sphere 0.5506006100279599 -1.106978580683914 -3.3162148329596635  0.02
color 0.5 0.9 0.8
sphere -0.7430630549597259 0.37240015824425265 -2.666447199705035  0.02
color 0.9 0.5 0.9
sphere 0.6512155672394355 -0.7283364008616111 -2.596126143992386  0.02
color 0.6 0.9 0.7
sphere -1.286075509546118 -0.966828371488845 -2.5071073472252485  0.02
color 0.6 0.4 0.6
sphere -0.5924033696051105 -1.1657351164570704 -2.1753018692867387  0.02
color 0.8 0.5 0.4
sphere -0.2796002150860821 -1.064389672962362 -1.7938623418324786  0.02
color 0.6 0.6 0.9
sphere 1.1606965269171923 -1.137274855469662 -3.416372774761064  0.02
color 0.8 0.6 0.5
sphere -1.2155666982060658 -1.2783661693973083 -2.363816145883933  0.02
color 0.8 0.5 0.7
sphere -0.38881959398028876 -1.1455252000743608 -2.668053287727361  0.02
color 0.7 0.9 0.4
sphere -0.05951821356847198 -0.9610936230005267 -1.5693038569886033  0.02
color 0.4 0.9 0.7
sphere -0.061786053051059664 -1.3377567544613953 -2.4704021266853706  0.02
color 0.7 0.4 0.9
sphere 0.4919930962315169 -1.0277534946509173 -2.318634542283315  0.02
color 0.7 0.7 0.8
sphere -1.4659668251916091 -0.1241349328442336 -2.4656779962899273  0.02
color 0.8 0.5 0.6
sphere 0.12666293444161258 -0.958561219129169 -3.2689143019286555  0.02
color 0.7 0.7 0.5
sphere 0.953955353363872 -1.1726230240333715 -1.6995082542269562  0.02
color 0.5 0.6 0.4
sphere 0.3332565724568357 -1.1620709109020941 -2.4110376597864343  0.02
color 0.9 0.9 0.9
sphere 0.6217843732060415 -0.959386158108527 -1.5408546184437322  0.02
color 0.5 0.6 0.8
sphere 0.35135283235537385 0.2748042624501612 -2.6403239033720363  0.02
color 0.7 0.5 0.5
sphere -1.2592757631483962 0.17963986741320026 -2.543256084605943  0.02
color 0.7 0.5 0.6
sphere 1.5067088294107327 -0.8837376702988431 -2.6999484026338743  0.02
color 0.8 0.8 0.7
sphere -0.20694779896155424 0.5004490429050112 -2.4813175768649214  0.02
color 0.9 0.4 0.5
sphere 1.1044321509673547 -1.2253130521297306 -1.5913218762760017  0.02
color 0.9 0.5 0.7
sphere -0.3152273882087373 -1.0919808419155963 -2.0775119245377187  0.02
color 0.6 0.8 0.7
sphere 1.3521748851803577 -0.8641068745699734 -2.8740549115335208  0.02
color 0.6 0.5 0.5
sphere -0.05783323212493441 -0.8689993755791616 -3.3262685094097266  0.02
color 0.9 0.7 0.6
sphere -1.3091613893974752 -0.8611649604675606 -2.6028698560856838  0.02
color 0.6 0.9 0.6
sphere 0.9956189410090706 -1.1776616486208251 -1.6533885552360483  0.02
color 0.8 0.8 0.6
sphere 1.2278567003658245 -1.056717331788009 -2.1702787191465003  0.02
color 0.7 0.4 0.7
sphere 0.1309260858438126 0.013684270231446582 -2.563944764056634  0.02
color 0.8 0.5 0.9
sphere 0.5443015107091709 -0.8961459332074746 -2.657902231701414  0.02
color 0.9 0.4 0.8
sphere 0.6570615415708358 -0.8035239906999223 -2.368335321654349  0.02
color 0.5 0.6 0.5
sphere 0.7012338385469117 -1.0198548241430445 -3.6207704890307784  0.02
color 0.7 0.6 0.6
sphere 1.4529597219563595 -1.198397722656992 -2.076462660937513  0.02
color 0.7 0.6 0.7
sphere -0.2441405596220272 -0.9397929989091716 -1.8258383539832526  0.02
color 0.7 0.4 0.7
sphere 1.285713674710402 -0.8443544077911134 -2.8648368177495143  0.02
color 0.9 0.5 0.7
sphere 0.03577611198207897 -0.8753205900994159 -1.8312250317620555  0.02
color 0.4 0.9 0.5
sphere 1.1091719685624963 -1.0696476165134654 -3.230094546573727  0.02
color 0.5 0.4 0.9
sphere -1.439178318090784 -1.2456095472200688 -2.4801722719305177  0.02
color 0.5 0.8 0.6
sphere -1.5811935792115688 -0.5885706674741353 -2.673314306075128  0.02
color 0.5 0.7 0.7
sphere -1.1180431740160546 -1.425029142385498 -2.5991980856211945  0.02
color 0.8 0.9 0.4
sphere -0.24230778874554115 -0.8567628305325554 -1.959589536838502  0.02
color 0.7 0.9 0.5
sphere 1.310846682178842 -1.0181289844187864 -3.0893929538452483  0.02
color 0.6 0.8 0.6
sphere -1.3095833620111073 -0.3204999470776162 -2.579192276132121  0.02
color 0.6 0.4 0.7
sphere -0.3198996859270431 -1.1700898140587261 -3.234139254688463  0.02
color 0.5 0.5 0.5
sphere 0.33795487744710506 -0.8910287085104032 -3.3335112395002358  0.02
color 0.4 0.6 0.7
sphere 0.1395875864383216 -1.3728932788225547 -2.660388896822234  0.02
color 0.9 0.5 0.8
sphere -1.039791122127216 0.22736535684402837 -2.454416553755454  0.02
color 0.9 0.7 0.9
sphere 0.19156289440543395 -1.3036497760815435 -2.332239303013988  0.02
color 0.8 0.5 0.4
sphere 1.365488888200713 -0.9397289088338692 -2.6076512821933315  0.02
color 0.4 0.5 0.6
sphere -1.5040848944633667 -0.664802555291319 -2.4442376733143028  0.02
color 0.9 0.6 0.4
sphere -0.7673680797311446 0.6447342505771827 -2.387631117538592  0.02
color 0.7 0.6 0.6
sphere 0.2358217342622253 -0.9960586840473611 -1.6888039829159753  0.02
color 0.5 0.4 0.9
sphere -1.2725396478151274 -1.2254631982990882 -2.3303532852084965  0.02
color 0.9 0.9 0.5
sphere 1.4508295709717065 -1.1592494020195199 -1.989395627633248  0.02
color 0.7 0.8 0.9
sphere 1.1154999296659933 -0.9841564305729325 -1.5178485841817175  0.02
color 0.4 0.5 0.8
sphere -0.5843755402440447 -1.3263136980737578 -2.574501088867944  0.02
color 0.6 0.9 0.7
sphere 1.5569822185278843 -0.8549878736791046 -2.525247438517908  0.02
color 0.7 0.5 0.9
sphere 1.5419036964938364 -0.8209298159097775 -2.0209268440469157  0.02
color 0.6 0.7 0.8
sphere 0.5434879464778928 -0.7778395828782907 -2.46077849104458  0.02
color 0.4 0.9 0.7
sphere 0.05543412370272849 -0.8905404957277248 -1.4822434583186421  0.02
color 0.6 0.9 0.8
sphere -0.9949328338454912 0.36665697906519856 -2.657260109149733  0.02
color 0.7 0.4 0.7
sphere 0.09263480279508052 -1.2571485931939423 -2.411913972311752  0.02
color 0.5 0.7 0.5
sphere -0.356102922123517 -0.9388832781179506 -1.985986725069247  0.02
color 0.4 0.5 0.7
sphere 0.3817786008818276 -0.8984064427425378 -3.4600839903731133  0.02
color 0.9 0.4 0.5
sphere -1.1298394535229193 -1.2109538066259464 -2.483317142277861  0.02
color 0.7 0.8 0.4
sphere -0.7325650321853034 0.38219654359036204 -2.696897507928902  0.02
color 0.8 0.6 0.5
sphere 0.23013491917479767 -0.13333961203571354 -2.421855074090166  0.02
color 0.9 0.9 0.6
sphere 0.6270787248406329 -1.0872941501461026 -3.4615193080670514  0.02
color 0.6 0.8 0.8
sphere -1.1560197774192287 0.3281834085837114 -2.492993395885958  0.02
color 0.5 0.4 0.8
sphere -0.8573959807277638 0.4890531490461303 -2.4390001214149217  0.02
color 0.5 0.7 0.8
sphere 0.39281644345451516 -0.33883766500730905 -2.4657323526869024  0.02
color 0.8 0.6 0.4
sphere 1.0449905938221318 -0.9621364724824613 -1.9718146232512108  0.02
color 0.8 0.5 0.9
sphere 0.4398875958488975 -0.9590136423023963 -2.531005439868653  0.02
color 0.4 0.9 0.9
sphere 0.9258179984821604 -0.9948176265768667 -3.4365922587965403  0.02
color 0.6 0.7 0.4
sphere -0.910667485450757 -1.5803195791487878 -2.446853384961817  0.02
color 0.5 0.5 0.5
sphere -1.3550684774151782 -1.1933095701210825 -2.6162367430162465  0.02
color 0.5 0.5 0.9
sphere 1.2986947166776703 -1.0202640180981897 -3.4579985978493157  0.02
color 0.7 0.4 0.5
sphere -0.42955878431736094 -0.947702206319943 -1.9935185884111508  0.02
color 0.5 0.6 0.7
sphere -0.9425047968574858 0.5679386018937564 -2.6580732315519553  0.02
color 0.5 0.8 0.4
sphere 0.2182973180538741 -1.0445552649103442 -3.469789737979325  0.02
color 0.7 0.6 0.9
sphere 0.41042085547906115 -0.1379059009158512 -2.412194680831915  0.02
color 0.4 0.5 0.9
sphere -0.8354052253973103 -1.4798644186903176 -2.2647314937460172  0.02
color 0.9 0.8 0.4
sphere 1.4977004938840182 -0.8156895715226802 -2.7247354722510675  0.02
color 0.4 0.8 0.8
sphere -0.3278516875088586 0.27074339793885693 -2.442193059805682  0.02
color 0.6 0.4 0.4
sphere 0.21728914435278135 -0.9236024682097761 -2.528323525317554  0.02
color 0.9 0.8 0.4
sphere -0.6275215484091494 -1.6814064375125493 -2.4798779655487895  0.02
color 0.9 0.8 0.4
sphere 0.3297850697327398 -0.27287743150262767 -2.4233969369948527  0.02
color 0.6 0.7 0.8
sphere -1.2836312826796274 -1.3240694341550832 -2.379678051825374  0.02
color 0.9 0.9 0.8
sphere 0.275680072664259 -0.9295796570995591 -1.2930771413222617  0.02
color 0.7 0.8 0.5
sphere -0.3696731972229639 -1.0054501150580837 -2.5467117730955153  0.02
color 0.9 0.6 0.5
sphere -0.8640175247063322 -1.2645401118536381 -2.4727308128252465  0.02
color 0.5 0.7 0.6
sphere 0.6837565378678718 -0.7827097121811315 -2.5917320519646907  0.02
color 0.4 0.9 0.4
sphere 0.5188013129886588 -1.0338805991496747 -3.4179748064805966  0.02
color 0.7 0.9 0.5
sphere -1.238967829717573 -0.15352512437710653 -2.6237521890191937  0.02
color 0.5 0.9 0.9
sphere -0.22219548101725461 -1.0396059888804539 -3.4222773472223467  0.02
color 0.9 0.9 0.6
sphere -0.2253226089459326 -1.4366815378222162 -2.3253869335557207  0.02
color 0.8 0.5 0.9
sphere 1.505998667438583 -1.154080471111603 -2.0595229764369365  0.02
color 0.7 0.5 0.5
sphere -0.2722266813653307 0.4953131008065128 -2.3508248110462997  0.02
color 0.9 0.7 0.4
sphere -0.10140889631739247 0.3023671391579619 -2.447186316965238  0.02
color 0.9 0.7 0.5
sphere -1.554453368312962 -0.48703910246822524 -2.4715470982568184  0.02
color 0.5 0.5 0.8
sphere 1.277107162848261 -1.1633798118558074 -2.924072448705448  0.02
color 0.6 0.6 0.4
sphere 1.498458416757205 -1.081822575983216 -2.1352026917600284  0.02
color 0.8 0.7 0.8
sphere -0.3884058022092325 -1.0587835774314578 -2.634834731867104  0.02
color 0.9 0.7 0.9
sphere -0.7181243847131409 0.5701321573697 -2.3392622909435006  0.02
color 0.6 0.7 0.7
sphere 0.31175721757589336 -0.953992691167318 -2.5487627728292788  0.02
color 0.6 0.8 0.9
sphere 0.325000446094843 -0.28720167248907824 -2.677455298848768  0.02
color 0.9 0.7 0.8
sphere 1.5525830968970333 -1.1013530177853905 -2.125847789459035  0.02
color 0.8 0.4 0.8
sphere -0.6035959084396887 -1.167817512596792 -2.3928201459616165  0.02
color 0.9 0.5 0.7
sphere -0.6341335144376572 -1.0941242042834047 -2.560095408388279  0.02
color 0.7 0.9 0.4
sphere -1.4089461679065125 0.20008027713424292 -2.397278931525916  0.02
color 0.5 0.7 0.6
sphere -1.517010190054672 -1.0962620655861826 -2.377309585409384  0.02
color 0.6 0.6 0.4
sphere -1.118215601815319 0.5729443714627345 -2.495642692066073  0.02
color 0.8 0.5 0.5
sphere -1.0813870713352056 0.11022240529472871 -2.462215169406756  0.02
color 0.7 0.7 0.8
sphere -0.946147855831263 0.3754847401058363 -2.7235879922662316  0.02
color 0.9 0.8 0.6
sphere -0.7183376992430248 0.48742315282571314 -2.4067942103576367  0.02
color 0.6 0.8 0.9
sphere -1.637235405056955 -0.15683222271585695 -2.4999830308825173  0.02
color 0.8 0.6 0.5
sphere -1.0846608634717083 0.3697427965905842 -2.5068313818840675  0.02
color 0.5 0.6 0.9
sphere 0.9342424984897062 -0.9462140527430165 -1.6434683805101997  0.02
color 0.6 0.9 0.9
sphere -1.2153584857769846 -1.3014719527734107 -2.5690696551762127  0.02
color 0.4 0.6 0.5
sphere -0.3946326535170255 -1.109281340241862 -1.8368503518358752  0.02
color 0.5 0.7 0.4
sphere 0.7273098067174684 -0.9743436541786181 -1.423828287392701  0.02
color 0.7 0.8 0.4
sphere 1.6085023091453987 -0.9418589296817466 -2.809301564443582  0.02
color 0.9 0.4 0.4
sphere -1.4552141071272402 -0.6601940550416057 -2.552651988860151  0.02
color 0.9 0.9 0.6
sphere -1.1410578504276927 0.4799072381101497 -2.5027605233693464  0.02
color 0.5 0.9 0.9
sphere -1.3671144727467048 -0.11242675016149306 -2.6581733691855716  0.02
color 0.4 0.9 0.5
sphere -1.5226293824357073 -0.6950586067948024 -2.694494378670349  0.02
color 0.5 0.5 0.6
sphere 0.7649160139215447 -0.956362628302236 -1.7073099024328857  0.02
color 0.9 0.4 0.6
sphere 0.728231081524342 -0.8073922346906284 -3.470489058830095  0.02
color 0.8 0.4 0.7
sphere -0.28327046634731845 -1.0027626276460042 -1.605275008771236  0.02
color 0.9 0.8 0.8
sphere 1.3679512131678218 -0.7831698294431573 -3.1297030866205526  0.02
color 0.5 0.5 0.9
sphere 0.0017571572942274294 -1.2119781261056621 -1.7625838845170487  0.02
color 0.5 0.6 0.4
sphere 0.6066419467768811 -0.4822637640251237 -2.4132423212832577  0.02
color 0.8 0.6 0.7
sphere -0.29315230759360045 0.30911798522205514 -2.6192568482379697  0.02
color 0.6 0.4 0.6
sphere 0.4226718198446986 -1.1682407907949708 -2.4556888706759854  0.02
color 0.7 0.6 0.8
sphere 1.3427110940485152 -1.2045325855786033 -2.993963373160745  0.02
color 0.5 0.4 0.6
sphere 1.5584292590539235 -1.1324599188605635 -2.9667746855688284  0.02
color 0.5 0.8 0.6
sphere -1.4975570846056283 -0.3918851734831743 -2.5626091642415014  0.02
color 0.6 0.6 0.9
sphere 0.6955705592793366 -0.9477622991242054 -3.7138644294543837  0.02
color 0.8 0.6 0.7
sphere -0.45946999744890205 -1.0452284914966032 -2.9028773325044446  0.02
color 0.7 0.5 0.6
sphere 0.43582488434489974 -1.0478593891624426 -3.449321847346588  0.02
color 0.6 0.5 0.9
sphere -0.1956058013230333 0.22207724989887678 -2.5604583427229652  0.02
color 0.4 0.4 0.4
sphere 0.266279598935784 -0.8076410281671844 -2.6096415373066733  0.02
color 0.4 0.9 0.8
sphere 1.3197953531672764 -1.0839138364334873 -2.9598478900261  0.02
color 0.7 0.8 0.5
sphere 1.2490568628496828 -1.117999043814375 -1.8915697317561797  0.02
color 0.6 0.9 0.7
sphere -1.032043849668502 0.41729668400174447 -2.2982808297008623  0.02
color 0.6 0.9 0.9
sphere 0.3396907266643203 -1.0742096114693012 -2.491106281746297  0.02
color 0.5 0.8 0.6
sphere -1.0368557097369946 0.07276935537328733 -2.5495440206083932  0.02
color 0.8 0.4 0.9
sphere -1.1305628809526036 0.11104292358314494 -2.3524268924132032  0.02
color 0.9 0.4 0.5
sphere 1.6028778378058561 -0.9548814712223761 -2.839576055266755  0.02
color 0.7 0.7 0.6
sphere -0.7191659982356065 -1.3968363247911189 -2.5332829342143737  0.02
color 0.9 0.7 0.7
sphere 0.13771586915306422 0.26075348597468784 -2.4447314654981094  0.02
color 0.6 0.4 0.9
sphere -1.383762031510137 -0.3628854272506512 -2.3287210024258247  0.02
color 0.8 0.6 0.7
sphere -0.3618777425214801 -0.948089860129874 -3.115986390108924  0.02
color 0.8 0.8 0.7
sphere 0.31582642681215933 -0.9214343768737843 -2.7289186421450284  0.02
color 0.7 0.8 0.6
sphere 0.5776713981308292 -0.8870955074077638 -3.3477802733768165  0.02
color 0.8 0.9 0.6
sphere 1.5002536979961785 -1.0120702887864725 -2.760028061071644  0.02
color 0.9 0.8 0.7
sphere -1.0619432588392592 -1.3078189946489602 -2.297274926294657  0.02
color 0.8 0.4 0.6
sphere 1.4091435757772492 -1.0116780934164127 -1.9355399842007182  0.02
color 0.7 0.9 0.6
sphere 0.2061069866008194 -1.1025126276775827 -3.350905506756811  0.02
color 0.7 0.5 0.4
sphere -1.3593587071902293 -0.9597213183213928 -2.3771653673505613  0.02
color 0.8 0.7 0.8
sphere -0.3018493133466662 0.4133581050925721 -2.6771476862285044  0.02
color 0.8 0.6 0.5
sphere -1.0139544838373569 -1.3952083718901704 -2.447825926137766  0.02
color 0.9 0.7 0.7
sphere -1.4010707701142175 -0.36842162650168975 -2.6286441413957755  0.02
color 0.6 0.4 0.7
sphere -0.26814998705627247 -1.1361740859838565 -1.775352858193985  0.02
color 0.7 0.4 0.4
sphere 1.56098669565436 -0.8212728938032381 -2.9336175517613663  0.02
color 0.9 0.8 0.9
sphere -0.4359447927215765 -0.9405262083978232 -2.3156843418729163  0.02
color 0.6 0.4 0.8
